version: 1
creator: callgrind-3.9.0
pid: 22006
cmd:  ./um midmark.um
part: 1


desc: I1 cache: 
desc: D1 cache: 
desc: LL cache: 

desc: Timerange: Basic block 0 - 5389113483
desc: Trigger: Program termination

positions: line
events: Ir
summary: 38756893002


ob=(2) ???
fl=(12) ???
fn=(186) 0x00000000048014d0
0 2
cob=(4) /usr/sup/valgrind-3.9.0/lib/valgrind/vgpreload_core-amd64-linux.so
cfi=(43) ???
cfn=(188) 0x0000000000000520
calls=1 0 
0 6
0 1
cob=(4)
cfi=(43)
cfn=(194) 0x0000000000000630
calls=1 0 
0 16
0 1
cob=(4)
cfi=(43)
cfn=(204) 0x00000000000007a0
calls=1 0 
0 12
0 2

fn=(680) 0x00000035fe843fb8
0 2
cob=(5) /lib64/libm-2.12.so
cfi=(52) ???
cfn=(682) 0x00000035fe803e90
calls=1 0 
0 1692
0 2

fn=(232) 0x00000035fe803d90
0 2
cob=(5)
cfi=(52)
cfn=(234) 0x00000035fe803e70
calls=1 0 
0 6
0 1
cob=(5)
cfi=(52)
cfn=(240) 0x00000035fe803f10
calls=1 0 
0 6
0 1
cob=(5)
cfi=(52)
cfn=(246) 0x00000035fe843f80
calls=1 0 
0 11
0 2

fn=(630) 0x00000000048017d8
0 2
cob=(4)
cfi=(43)
cfn=(632) 0x00000000000005b0
calls=1 0 
0 1356
0 2

fn=(252) 0x00000035ffc0a670
0 2
cob=(6) /usr/lib64/libnetpbm.so.10.47
cfi=(53) ???
cfn=(254) 0x00000035ffc0b430
calls=1 0 
0 6
0 1
cob=(6)
cfi=(53)
cfn=(260) 0x00000035ffc0b4d0
calls=1 0 
0 6
0 1
cob=(6)
cfi=(53)
cfn=(266) 0x00000035ffc21bf0
calls=1 0 
0 11
0 2

fn=(614) 0x0000000000402f38
0 2
cob=(7) /h/dzelin01/Desktop/comp40/hw7/comp40hw7/um
cfi=(54) ???
cfn=(616) 0x0000000000400ba0
calls=1 0 
0 27
0 2

fn=(660) 0x00000035ffc21c28
0 2
cob=(6)
cfi=(53)
cfn=(662) 0x00000035ffc0b450
calls=1 0 
0 1692
0 2

fn=(296) 0x00000000004009a8
0 2
cob=(7)
cfi=(54)
cfn=(298) 0x0000000000400b0c
calls=1 0 
0 6
0 1
cob=(7)
cfi=(54)
cfn=(304) 0x0000000000400c10
calls=1 0 
0 15
0 1
cob=(7)
cfi=(54)
cfn=(314) 0x0000000000402f00
calls=1 0 
0 12
0 2

ob=(5)
fl=(52)
fn=(682)
0 10
cob=(3) /lib64/libc-2.12.so
cfi=(94) /usr/src/debug/glibc-2.12-2-gc4ccff1/stdlib/cxa_finalize.c
cfn=(644) __cxa_finalize
calls=1 31 
0 62
cob=(1) /lib64/ld-2.12.so
cfi=(55) /usr/src/debug////////glibc-2.12-2-gc4ccff1/elf/../sysdeps/x86_64/dl-trampoline.S
cfn=(282) _dl_runtime_resolve
calls=1 30 
0 1602
0 5
0 13

fn=(240)
0 6

fn=(234)
0 6

fn=(246)
0 11

ob=(3)
fl=(64) /usr/src/debug/glibc-2.12-2-gc4ccff1/libio/../libio/iofopen.c
fn=(342) __fopen_internal
68 7
+8 1
-8 1
+8 1
cfi=(65) /usr/src/debug/glibc-2.12-2-gc4ccff1/malloc/malloc.c
cfn=(346) malloc
calls=1 3619 
* 60976
* 1
+2 1
-2 1
+2 1
+3 1
+3 5
-3 1
+3 1
cfi=(74) /usr/src/debug/glibc-2.12-2-gc4ccff1/libio/genops.c
cfn=(368) _IO_no_init
calls=1 648 
* 57
+4 1
+1 1
-1 1
+1 1
cfi=(75) /usr/src/debug/glibc-2.12-2-gc4ccff1/libio/fileops.c
cfn=(372) _IO_file_init@@GLIBC_2.2.5
calls=1 +58 
* 90
+4 5
cfi=(75)
cfn=(376) _IO_file_fopen@@GLIBC_2.2.5
calls=1 257 
* 112
* 2
+2 1
+5 5
-5 1
cfn=(386) __fopen_maybe_mmap
calls=1 -50 
* 4

fn=(340) fopen@@GLIBC_2.2.5
107 2
cfn=(342)
calls=1 -39 
* 61279

fn=(386)
45 1
-2 1
+2 1
+15 1

fl=(59) /usr/src/debug////////glibc-2.12-2-gc4ccff1/setjmp/../sysdeps/x86_64/bsd-_setjmp.S
fn=(320) _setjmp
34 1
+2 1
cfi=(60) /usr/src/debug////////glibc-2.12-2-gc4ccff1/setjmp/../sysdeps/x86_64/setjmp.S
cfn=(322) __sigsetjmp
calls=1 -10 
* 27

fl=(67) /usr/src/debug/glibc-2.12-2-gc4ccff1/malloc/arena.c
fn=(350) ptmalloc_init
467 12
+8 6
631 14
476 1
-66 1
+2 1
+1 1
+1 1
+1 1
cfi=(68) /usr/src/debug/glibc-2.12-2-gc4ccff1/misc/../sysdeps/unix/sysv/linux/getpagesize.c
cfn=(352) getpagesize
calls=1 35 
* 6
519 1
415 1
+96 1
-93 1
+1 1
+91 1
+1 1
+8 1
+8 2
+1 1
-3 1
+3 1
-1 1
+1 10
cfi=(70) /usr/src/debug/glibc-2.12-2-gc4ccff1/nptl/../nptl/sysdeps/unix/sysv/linux/register-atfork.c
cfn=(356) __linkin_atfork
calls=1 117 
* 9
+11 2
+2 5
+16 2
382 114
+16 57
-18 174
622 2
+5 2
+1 2
+2 2
521 5
cfi=(69) /usr/src/debug/glibc-2.12-2-gc4ccff1/elf/dl-addr.c
cfn=(354) _dl_addr
calls=1 127 
* 59453
-2 2
+2 1
-2 2
382 14

fl=(60)
fn=(322)
26 1
+2 1
+1 2
+1 1
+4 1
+1 1
+1 1
+1 1
+1 1
+2 2
+2 1
+1 1
+2 2
+2 1
+9 1
cfi=(61) /usr/src/debug/glibc-2.12-2-gc4ccff1/setjmp/sigjmp.c
cfn=(324) __sigjmp_save
calls=1 -26 
* 9

fl=(84) /usr/src/debug/glibc-2.12-2-gc4ccff1/io/../sysdeps/unix/sysv/linux/wordsize-64/fxstat.c
fn=(438) _fxstat
37 2
-1 2
+1 2
+1 12
+4 2

fl=(51) /usr/src/debug/glibc-2.12-2-gc4ccff1/stdlib/bsearch.c
fn=(228) bsearch
27 104
+7 162
+2 54
+2 54
-2 54
+1 216
+1 108
cfi=(50) /usr/src/debug/glibc-2.12-2-gc4ccff1/string/../sysdeps/x86_64/cacheinfo.c
cfn=(230) intel_02_known_compare
calls=54 152 
* 378
+1 108
+2 8
+1 8
-8 24
+14 72

fl=(81) /usr/src/debug////////glibc-2.12-2-gc4ccff1/string/../sysdeps/x86_64/memset.S
fn=(414) __GI_memset
44 173744
+1 173744
+1 173744
+4 173744
+1 173744
+1 173744
+1 173744
+2 173744
+1 173744
+2 173721
+5 173721
+1 173721
+1 173721
+1 173721
+1 173721
327 7
+1 7
+1 7
+1 7
+1 7
+1 7
+1 7
+1 7
+1 7
+1 7
+1 7
+1 7
+1 7
+1 7
-11 173714
+1 173714
+1 173714
+1 173714
+1 173714
+1 173714
+1 173714
+1 173714
+1 173714
+1 173714
+1 173714
+1 173714
504 23
+1 23
+1 23
+1 23
+1 23
+1 23
+1 23
+5 23
+1 23
+1 23
+1 23
+1 23
+85 23
+1 23
+2 23
+1 23
+2 13
+5 13
+1 13
+1 13
+1 13
+1 13
741 13
+1 13
+1 13
+1 13
+1 13
+1 13
+1 13
+1 13
+1 13
+1 13
+1 13
-8 1
+1 1
+1 1
+1 1
+1 1
+1 1
+1 1
+1 1
+1 1
-5 1
+1 1
+1 1
+1 1
+1 1
+1 1
-2 8
+1 8
+1 8
866 10
+1 10
+1 20
+4 10
+1 10
+1 10
+1 10
+1 10
+1 10
+1 10
+1 10
+1 10
+1 10
+2 10
+1 10
-12 947
+1 947
+1 947
+1 947
+1 947
+1 947
+1 947
+1 947
+1 947
+1 947
+2 947
+1 947
+1 10
+5 10
+1 10
+1 10
+1 10
+1 10

fl=(65)
fn=(346)
3619 14274970
+5 5709988
+1 5709988
+3 5709986
+33 22839944
+3 8564979
cfn=(358) _int_malloc
calls=2854993 4280 
* 164737564
+1 2854993
-1 2854993
+1 2854993
+21 11419972
+4 17129958
-64 1
+64 4
-64 1
cfi=(66) /usr/src/debug/glibc-2.12-2-gc4ccff1/malloc/hooks.c
cfn=(348) malloc_hook_ini
calls=1 36 
* 60961

fn=(347) malloc'2
3619 5
+5 2
+1 2
+3 2
+33 8
+3 3
cfn=(358)
calls=1 4280 
* 1018
+1 1
-1 1
+1 1
+21 4
+4 6

fn=(360) malloc_consolidate
5138 64
+22 16
+1 21
+2 7
+17 7
+2 14
+3 14
+4 14
-4 126
+4 183
+25 4884
-1 4884
+1 44214
+4 29314
+4 29314
-3 29314
+1 29314
+2 29314
+1 1245
+1 1245
+3 1245
+1 1245
+1 1245
-2 1245
+3 1245
-3 1245
+12 1245
-3 1245
+3 1245
-12 28069
+1 28069
+1 28069
-2 28069
+3 28069
-3 28069
+12 28069
-3 28069
+3 28070
-3 1
+3 1
-41 29315
-3 29315
+3 58630
+1 29315
+1 58630
+2 58630
+1 5982
+2 5982
-1 5982
+2 63024
+3 58630
+3 58628
+4 48860
+26 266
-7 1
+1 1
-1 3
2481 3
+5 3
+5 1
+2 1
-2 1
+2 1
5248 64
2482 1
5134 2
2482 3
-2 2
+2 378
-2 253
+10 3

fn=(524) _int_realloc
5257 64
+22 8
-22 8
+21 8
+1 8
-1 8
+1 8
-1 16
+21 8
+1 8
+1 16
-1 8
+1 16
+7 8
+83 8
-83 8
+8 16
+11 16
5494 56
5337 32
cfn=(358)
calls=8 4280 
* 33718
* 8
+1 32
+3 8
+1 8
+5 16
+11 8
+1 8
+2 16
+3 16
+22 32
cfn=(474) _int_free
calls=8 4802 
* 729
+5 16
-26 16
cfi=(89) /usr/src/debug////////glibc-2.12-2-gc4ccff1/string/../sysdeps/x86_64/memcpy.S
cfn=(526) memcpy
calls=8 56 
* 54459
* 8

fn=(520) realloc
3753 72
+7 16
+1 16
+4 14
+4 14
+5 7
-2 7
+2 14
+6 42
+7 56
+3 14
+19 21
+9 42
+8 35
cfn=(524)
calls=7 5257 
* 88682
* 7
+2 28
+4 21
+27 63
-97 1
+97 7
-97 1
cfi=(66)
cfn=(522) realloc_hook_ini
calls=1 48 
* 844

fn=(521) realloc'2
3753 9
+7 2
+1 2
+4 2
+4 2
+5 1
-2 1
+2 2
+6 6
+7 8
+3 2
+19 3
+9 6
+8 5
cfn=(524)
calls=1 5257 
* 744
* 1
+2 4
+4 3
+27 9

fn=(358)
4280 38428542
+30 34158704
+8 8539676
+1 12809415
+1 4269805
+2 4269805
+4 8539610
-6 4224227
+9 8448454
-9 4224227
+9 12672681
+1 4224227
-1 4224227
+1 8448454
+5 21121135
4715 4228070
-1 4228070
+1 8456140
+75 38428542
4363 91222
+1 45602
+1 45602
-1 45602
+1 45602
-1 45602
+1 91204
+2 136806
+1 4132
+3 2065
+1 4130
+6 2065
+1 2065
+2 2065
-4 2065
+4 4130
+23 72
+1 27
+1 12
cfn=(360)
calls=3 5138 
* 13908
* 6
4764 3
-2 3
+2 6
-2 3
+2 9
-2 3
+2 30
4448 3
4764 15
4425 3
4764 9
4433 3
4764 3
4448 3
4764 6
4425 3
4764 43543
-2 43543
+2 87086
-2 43543
+2 130629
-2 43543
+2 435430
4448 43543
4764 217715
4425 43543
4764 130629
4433 43543
4764 43543
4448 43543
4764 87086
4425 43543
4764 6
4425 3
+69 3224
+1 3224
+1 16120
-1 3224
+1 3224
-1 3224
+1 6448
+45 3224
+4 3224
-3 3224
-1 3224
+7 3224
-5 3224
+1 3224
+1 3224
+3 3224
-7 8
+4 8
-3 8
-1 8
+7 8
-5 8
+1 8
+1 8
+3 8
4425 140343
+3 9408
-2 9408
+1 37632
+8 9408
+10 36696
+35 3844
-5 3844
+1 3844
+4 3844
+13 6464
+6 42
+1 1
+1 1
+3 2
-5 24
+1 3
+1 3
+3 6
-5 71
+1 2
+1 2
+3 4
-5 14
+1 2
+1 2
+3 4
+34 32
-91 6266
-2 25042
+6 5564
+1 11128
+4 5564
-3 11128
+1 5564
+1 11128
+1 5564
+2 5372
+1 5372
+3 5372
+3 5372
-3 5372
+6 5372
-6 26860
+2 5372
-2 5372
+7 5372
-5 10744
+5 16116
-7 192
+3 192
-3 192
+6 192
-6 960
+2 192
-2 192
+7 192
-5 384
+5 576
+30 14
+58 112119
+71 37373
+4 37373
-4 37373
+2 37373
-1 37373
+3 37373
-2 37373
+2 37373
-1 37373
-2 37373
+3 37373
-1 37373
-2 74746
+8 185822
+2 434475
+2 434472
+2 76
+5 19
-5 38
+5 36
+1 17
+1 17
-2 34
+1 946
+1 946
-2 4238
+7 1192
+3 2384
+1 26
+1 26
+1 26
-2 78
+60 26
+18 36207
+1 36207
-1 36207
+1 36207
+2 72414
+18 32
+1 15
cfn=(360)
calls=3 5138 
* 78365
+5 3
-3 12
+3 3
-3 3
4482 612
-1 612
+1 1224
+76 36
+3 27
4749 36191
+1 144816
4404 3
4665 1166
+8 2332
-8 1166
+5 2332
+3 9400
+3 2332
+13 692
+1 1384
-6 692
+17 692
-6 692
+1 692
+2 692
-1 692
+4 692
+1 692
+1 1384
+2 8
+1 8
+2 8
+3 8
-3 48
+2 16
-2 8
+2 16
-2 684
+3 684
-3 4104
+2 1368
-2 684
+2 1368
4404 49
-78 8448454
4678 474
-1 474
+1 1422
4404 6
-35 4
cfn=(360)
calls=1 5138 
* 670
* 3
+35 8
2992 26
+13 13
-13 13
+13 16
+14 5
+7 2
+83 36
3422 36
+1 12
+8 48
+4 24
-2 12
+2 24
-1 12
+1 24
+1 12
-1 12
+1 12
+2 12
-3 24
+1 12
4785 39
-41 72382
-2 36191
+2 72382
-1 36191
+1 72382
+2 36191
-2 36191
+2 36191
-2 72382
+2 72382
3076 24
+95 12
+19 12
-19 12
+8 12
-8 48
+19 60
+8 12
-8 12
+8 12
+1 60
cfi=(71) /usr/src/debug/glibc-2.12-2-gc4ccff1/malloc/morecore.c
cfn=(362) __default_morecore
calls=12 48 
* 567
+2 12
-2 12
+2 36
+2 24
+1 24
4786 24
3249 24
+1 1
+1 2
3086 1
3257 1
-6 1
+6 1
-6 22
3086 11
3257 11
-6 11
+6 33
+1 55
-32 2
+34 7
+42 5
+19 1
+7 2
-4 1
+4 1
-4 1
+1 4
+3 2
cfi=(71)
cfn=(362)
calls=1 48 
* 27
+12 4
+5 2
+1 2
4786 1
3365 1
-1 1
+1 3
+1 1
+11 2
-84 2
3028 8
cfi=(85) /usr/src/debug////////glibc-2.12-2-gc4ccff1/misc/../sysdeps/unix/syscall-template.S
cfn=(440) mmap
calls=1 82 
* 6
+2 3
+27 3
+5 5
+1 1
+2 1
+1 1
-1 1
+1 1
+1 1
+9 2

fn=(406) calloc
4050 1414836
-13 1414836
+13 1414836
-3 1414836
+3 1414836
-13 8489016
+10 1414836
+3 2829672
+8 2829672
+1 2829672
+15 14148360
+7 1414836
+8 1414836
-7 2829672
+7 2829672
+7 4244508
cfn=(358)
calls=1414836 4280 
* 83017110
+6 1414836
-6 1414836
+6 1414836
+21 5659344
+5 1414836
-4 1414836
+4 2829672
+47 12733524
-36 1414836
-3 1414836
+3 5659344
+10 1414836
+1 2829672
+3 2829672
+7 1241092
-3 1241092
+1 1241092
+1 1241092
+1 1241092
+3 60832
-2 60832
+1 60832
+1 60832
+3 44808
-2 44808
+1 44808
+1 44808
+1 42512
+1 85024
-29 56700
+15 521232
cfi=(81)
cfn=(414)
calls=173744 44 
* 4702900
* 173744

fn=(474)
4802 38428533
+15 4269837
-15 4269837
+15 8539674
+6 25619022
+17 8539674
+13 8539674
+11 4269805
+1 4269805
-1 8539610
+1 4269805
-1 8539610
+29 12809415
+3 12809415
+1 8539610
+1 4269805
+4 4269805
-4 4269805
+10 29888635
+9 17079220
+2 4269805
+2 25618830
+2 8539610
5117 34158504
4952 64
+2 128
+19 96
+6 32
-10 32
+10 32
+8 96
+7 64
-1 32
+1 64
+7 96
+4 64
+7 64
+5 64
+1 10
+1 1
+10 1
+1 1
+1 2
-2 31
+1 31
+1 62
+7 32
-2 32
+1 32
+1 32
+2 8
+1 8
+2 8
+3 8
-2 8
+2 8
+1 8
-1 8
+31 16
-34 24
+3 24
-2 24
+2 24
+1 24
-1 24
+31 48
+1 4
+3 6
4963 192
+58 62
+62 10
+15 96
+2 96
+17 192
-38 2
cfn=(360)
calls=1 +59 
* 886304
* 1
-98 32
-2 32
+2 64
-2 64

fn=(472) free
3702 8539660
+1 8539660
+5 8539660
+6 4269830
-3 4269830
+3 8539660
+15 12809487
+2 8539658
cfn=(474)
calls=4269829 4802 
* 295505240
-14 7
+4 2
+1 1
-1 1
+1 2
3535 3
+1 1
+6 6
+10 1
-3 1
+1 1
+2 1
cfi=(85)
cfn=(580) munmap
calls=1 82 
* 5

fl=(95) /usr/src/debug/glibc-2.12-2-gc4ccff1/nptl/../nptl/sysdeps/unix/sysv/linux/unregister-atfork.c
fn=(646) __unregister_atfork
37 3
-8 9
+11 6
+1 12
+5 3
-6 6
+82 6

fl=(44) /usr/src/debug/glibc-2.12-2-gc4ccff1/csu/../sysdeps/unix/sysv/linux/init-first.c
fn=(210) _init
52 6
+6 1
-6 2
+6 2
+17 1
fi=(46) /usr/src/debug/glibc-2.12-2-gc4ccff1/csu/../sysdeps/unix/sysv/linux/x86_64/init-first.c
-40 2
fe=(44)
+38 1
+1 1
fi=(46)
-41 2
fe=(44)
+42 1
fi=(46)
-42 3
+2 1
cfi=(45) /usr/src/debug/glibc-2.12-2-gc4ccff1/elf/../sysdeps/unix/sysv/linux/dl-vdso.c
cfn=(212) _dl_vdso_vsym
calls=1 -8 
* 8
+8 1
-5 2
+5 1
-5 1
+2 2
+1 1
+2 1
cfi=(45)
cfn=(212)
calls=1 -16 
* 8
fe=(44)
+46 3
fi=(46)
-45 2
+1 1
fe=(44)
+44 1
cfi=(47) /usr/src/debug/glibc-2.12-2-gc4ccff1/misc/init-misc.c
cfn=(216) __init_misc
calls=1 -58 
* 58
+8 1
cfi=(49) /usr/src/debug/glibc-2.12-2-gc4ccff1/elf/soinit.c
cfn=(220) __libc_global_ctors
calls=1 -78 
* 2009
+2 6
-32 1
-9 1
+9 4

fl=(47)
fn=(216)
31 3
+1 1
-1 1
+1 4
+2 3
cfi=(48) /usr/src/debug////////glibc-2.12-2-gc4ccff1/string/../sysdeps/x86_64/strrchr.S
cfn=(218) __GI_strrchr
calls=1 -8 
* 34
+1 2
+3 3
+1 3
+2 4

fl=(58) /usr/src/debug/glibc-2.12-2-gc4ccff1/stdlib/cxa_atexit.c
fn=(292) __new_exitfn
73 1
+6 1
-6 1
+6 5
+2 5
+2 3
-2 1
+10 1
-10 3
+45 1
+1 1
+3 4
+3 3
-35 2
+14 1
+1 2

fn=(290) __cxa_atexit
57 2
-22 1
+22 5
-22 1
cfn=(292)
calls=1 +38 
* 35
+2 3
+4 2
+3 1
-1 1
+2 1
+2 2
+12 6

fl=(82) /usr/src/debug/glibc-2.12-2-gc4ccff1/libio/getc.c
fn=(424) getc
37 120440
+3 120440
-3 120440
+3 1686160
+1 722634
fi=(86) /usr/src/debug/glibc-2.12-2-gc4ccff1/libio/libioP.h
968 240880
+1 1324840
fe=(82)
44 361320
-3 4
cfi=(74)
cfn=(426) __uflow
calls=2 368 
* 318
* 4

fl=(90) /usr/src/debug/glibc-2.12-2-gc4ccff1/libio/putchar.c
fn=(556) putchar
29 181
-2 362
+2 3077
+1 543
fi=(86)
968 362
+1 1991
fe=(90)
33 543
-3 543
cfi=(74)
cfn=(558) __overflow
calls=181 246 
* 7889
* 362

fl=(45)
fn=(212)
27 2
+1 4
+4 4
+14 2
+4 4

fl=(83) /usr/src/debug/glibc-2.12-2-gc4ccff1/libio/filedoalloc.c
fn=(434) _IO_file_doallocate
88 8
+15 12
cfi=(75)
cfn=(436) _IO_file_stat
calls=2 1225 
* 28
* 4
+2 8
+11 3
+1 6
+3 12
cfi=(85)
cfn=(440)
calls=2 -38 
* 12
* 6
+1 8
cfi=(74)
cfn=(442) _IO_setb
calls=2 404 
* 34
* 2
+2 8
-13 1
fi=(97) /usr/src/debug/glibc-2.12-2-gc4ccff1/libio/../sysdeps/unix/sysv/linux/sys/sysmacros.h
-65 6
fe=(83)
+65 1
-2 2
+8 1
-3 1
+3 2

fl=(94)
fn=(644)
31 6
+18 3
-18 3
+18 3
-18 15
+4 12
+4 18
-4 9
+32 12
+4 18
-4 9
+12 6
+3 3
-2 3
+2 18
-2 3
cfi=(95)
cfn=(646)
calls=3 -43 
* 45

fl=(77) /usr/src/debug/glibc-2.12-2-gc4ccff1/string/../string/strstr.c
fn=(382) __GI_strstr
53 9
+10 3
+2 2
fi=(78) /usr/src/debug/glibc-2.12-2-gc4ccff1/string/../string/str-two-way.h
273 1
fe=(77)
89 9
-26 3

fl=(73) /usr/src/debug/glibc-2.12-2-gc4ccff1/misc/../sysdeps/unix/sysv/linux/x86_64/brk.c
fn=(366) brk
29 13
+3 78
+2 39
+7 26

fl=(74)
fn=(594) _IO_unsave_markers
1118 2
+19 2
+1 1

fn=(432) _IO_doallocbuf
419 2
+1 2
-1 2
+1 2
+6 4
-4 4
+1 6
cfi=(83)
cfn=(434)
calls=2 88 
* 165
* 4

fn=(702) _IO_cleanup
1007 1
+3 1
-3 4
+3 1
cfn=(704) _IO_flush_all_lockp
calls=1 823 
* 77
-59 1
+59 1
-59 2
+11 2
-9 12
+1 2
-1 7
+9 13
+7 5
+10 5
cfi=(75)
cfn=(706) _IO_file_setbuf@@GLIBC_2.2.5
calls=1 445 
* 78
+2 2
+6 3
-36 9
+71 7
-51 1
+4 1
-4 1
+2 1
+2 1
-2 1
+3 1
-2 1
+2 3
+6 12

fn=(590) _IO_un_link
64 12
+1 6
+4 6
+1 11
+1 1
+1 15
+2 3
+2 2
+14 1
+2 8
+2 1
-1 1
+1 9
+1 2
+3 12
-6 6
-14 1
+2 1
-2 2

fn=(374) _IO_link_in
104 8
+1 6
+4 1
-2 2
+2 5
+1 11
+1 1
+1 15
+4 1
+2 1
-4 1
+1 1
-1 1
+4 7
+2 1
-1 1
+1 9
+1 2
+3 8
-6 6

fn=(426)
368 2
+2 2
-2 2
+2 5
+6 6
+3 8
+2 6
+6 4
+5 4
+2 4
+1 2
-1 4
cfn=(428) _IO_default_uflow
calls=2 +46 
* 267
-24 2

fn=(428)
440 2
-1 4
+1 2
cfi=(75)
cfn=(430) _IO_file_underflow@@GLIBC_2.2.5
calls=2 +97 
* 243
+1 4
+2 8
+1 4

fn=(558)
246 543
+1 1
+1 3
cfi=(75)
cfn=(560) _IO_file_overflow@@GLIBC_2.2.5
calls=1 829 
* 162
* 540
cfi=(75)
cfn=(560)
calls=180 829 
* 6640

fn=(704)
823 2
+6 1
-6 6
+6 2
+6 1
-1 1
+2 2
-2 1
+2 3
+33 2
+4 9
-37 8
+6 2
-4 2
+4 5
-4 1
+4 2
+14 3
-2 3
+2 3
+7 6
-21 12

fn=(368)
648 9
+1 1
cfn=(370) _IO_old_init
calls=1 -13 
* 24
+3 1
-2 1
+2 1
+2 1
+1 1
+1 1
+1 1
+1 1
+1 1
+1 1
+1 1
+1 1
+1 1
+1 1
+1 1
+2 1
+3 1
+1 6

fn=(370)
636 1
-21 1
+1 1
-1 1
+2 1
+1 1
+1 1
+17 1
-16 1
+1 1
+1 1
+1 1
+1 1
+1 1
+2 1
+1 1
+1 1
+1 1
+1 1
+5 1
+1 4

fn=(444) _IO_switch_to_get_mode
188 4
-1 4
+1 2
+3 6
+5 2
-1 4
+1 2
+7 2
-4 2
+2 6
+2 2
+2 4

fn=(604) _IO_default_finish
687 2
+2 3
+6 3
+3 3
+6 1
+6 1
-6 1
cfn=(590)
calls=1 64 
* 10

fn=(708) _IO_default_setbuf
562 5
+1 1
-1 2
+1 1
cfi=(75)
cfn=(710) _IO_file_sync@@GLIBC_2.2.5
calls=1 891 
* 13
* 2
+2 2
+2 1
+1 5
cfn=(442)
calls=1 404 
* 19
+7 3
+1 3
+2 6

fn=(442)
404 16
+1 4
-1 4
+1 12
+4 4
-2 4
+1 4
+1 4
+3 2
+1 8
-3 2
+3 8
-7 7
cfi=(85)
cfn=(580)
calls=1 82 
* 5
* 3

fl=(89)
fn=(526)
56 16
+2 16
+2 16
+3 12
+1 12
+11 12
+1 12
+11 12
+1 12
+11 12
+1 12
+2 12
+1 12
+2 12
+1 12
+5 12
+1 12
+23 12
+8 8
+6 8
+2 8
+1 8
+26 8
+1 8
+3 1
+1 1
+1 1
+5 13
+2 13
+1 13
+1 13
+1 13
+2 13
+1 13
+1 13
+1 13
+2 13
+1 13
+2 13
+2 12
+2 12
+1 12
+1 12
+1 12
+2 12
+1 12
+1 12
+1 12
+2 12
+1 12
+2 12
+5 1
+6 1
+1 1
+19 7
+1 7
+1 7
+5 7
+1 7
+4 7
+1 7
+2 9155
+1 7
+6 7
+1 7
+1 7
+3 4
+6 4
+1 4
+2 4
+13 3
+1 3
+1 3
+3 3
+1 3
+1 3
+1 3
+2 3
+2 3
+2 3
+2 3
+3 3
+1 3
+69 1016
+2 1016
+1 1016
+1 1016
+1 1016
+1 1016
+1 1016
+1 1016
+1 1016
+2 1016
+1 1016
+2 1016
+1 1016
+1 1016
+1 1016
+1 1016
+1 1016
+1 1016
+1 1016
+2 1016
+1 1016
+2 1016
+2 1016
+2 1016
+1 1016
+1 1016
+1 1016
+1 1016
+1 1016
+1 1016
+1 1016
+2 1016
+1 1016
+2 1016
+1 1016
+1 1016
+1 1016
+1 1016
+1 1016
+1 1016
+1 1016
+2 1016
+1 1016
+2 1016
+3 3
+2 3
+2 3
+2 3
+6 3
+1 3
+1 3
+2 3
+6 3
+1 3

fl=(91) /usr/src/debug/glibc-2.12-2-gc4ccff1/libio/iofclose.c
fn=(588) fclose@@GLIBC_2.2.5
43 3
+14 1
-14 1
+14 2
+3 16
+1 2
fi=(86)
968 2
+1 6
fe=(91)
66 4
cfi=(75)
cfn=(602) _IO_file_finish@@GLIBC_2.2.5
calls=1 205 
* 32
+1 3
+18 6
+2 1
+1 2
cfi=(65)
cfn=(472)
calls=1 3702 
* 114
* 1
+4 5
-10 2
-20 2
cfi=(75)
cfn=(592) _IO_file_close_it@@GLIBC_2.2.5
calls=1 162 
* 100
* 3
-4 1
cfi=(74)
cfn=(590)
calls=1 +6 
* 80
* 2
fi=(86)
969 6
fe=(91)

fl=(69)
fn=(354)
127 9
+5 1
-5 2
+5 2
cob=(1)
cfi=(2) /usr/src/debug/glibc-2.12-2-gc4ccff1/elf/rtld.c
cfn=(42) rtld_lock_default_lock_recursive
calls=1 836 
* 2
+3 5
+1 4
+1 18
31 2
+1 2
+3 3
+5 1
+6 1
-6 1
+1 3
+2 3
+3 1
+5 3
+74 1
-74 1
+74 4
-72 1
+19 1
-18 2
-1 1010
+19 1010
-18 2020
+2 3600
+14 1257
+2 3771
-10 2514
+1 1257
-1 4314
+1 900
-1 1800
+2 4314
-2 4314
+3 6462
-3 5538
+3 615
-3 1278
+3 16
-3 32
+3 599
-3 3355
+10 5325
-21 4042
+85 12
-36 2
+1 2
+1 2
+3 2
+41 2
cob=(1)
cfi=(2)
cfn=(44) rtld_lock_default_unlock_recursive
calls=1 842 
* 2
+3 9
-32 1
+1 3

fl=(63) /usr/src/debug/glibc-2.12-2-gc4ccff1/io/../sysdeps/unix/sysv/linux/wordsize-64/xstat.c
fn=(334) _xstat
37 1
-1 1
+1 1
+1 6
+4 1

fl=(85)
fn=(440)
82 15
+1 3

fn=(580)
82 8
+1 2

fl=(50)
fn=(224) handle_intel
307 4
+9 2
-9 16
+8 2
+1 4
+8 4
+5 2
-5 4
+5 2
+7 10
cfn=(226) intel_check_word
calls=2 163 
* 1564
+1 4
+3 10
cfn=(226)
calls=2 163 
* 194
+1 4
-10 2
+1 2
-1 4
+27 16

fn=(226)
163 44
+1 8
+8 4
-2 32
+14 20
+53 16
+36 40
-1 8
+1 8
cfi=(51)
cfn=(228)
calls=8 27 
* 1350
+2 16
+22 8
172 16
+2 10
+2 20
-4 2
302 32
196 10
+5 15
-5 2
+11 10
+23 3
-34 15
+5 6
+4 8
+2 10
+8 2
+2 4
+2 28
-12 3
-6 1
-5 1
+9 2
+2 4

fn=(222) init_cacheinfo
538 4
+13 3
+7 2
747 5
560 3
cfn=(224)
calls=1 307 
* 900
+4 2
-4 1
+4 1
cfn=(224)
calls=1 307 
* 950
+2 1
-2 1
+2 2
+29 1
-18 1
+18 3
+7 6
+6 2
-6 12
+6 6
+3 20
+2 1
+6 6
+7 1
-7 1
+38 2
+75 2
+3 2
+1 1
+1 1
-1 2
+4 2
+3 2
+1 1
+1 1
-1 3
-86 7
-1 3
-31 8
+2 2
+2 8
+2 4
+5 1
+2 2
+1 1
-1 1
+1 4
+1 1

fn=(230)
152 216
+3 108
+1 54

fl=(92) /usr/src/debug/glibc-2.12-2-gc4ccff1/stdlib/exit.c
fn=(608) exit
99 5
-57 3
+36 3
-32 1
+32 1
-32 1
+32 3
-32 1
+32 1
-32 1
+3 2
+1 5
+33 1
+1 1
-1 1
+1 1
+7 6
cfi=(74)
cfn=(702)
calls=1 1007 
* 256
* 3
+2 2
cfi=(96) /usr/src/debug/glibc-2.12-2-gc4ccff1/posix/../sysdeps/unix/sysv/linux/_exit.c
cfn=(712) _Exit
calls=1 -64 
* 5
-19 1
+4 1
-4 2
+4 1
-2 2
+2 1
cob=(1)
cfi=(93) /usr/src/debug/glibc-2.12-2-gc4ccff1/elf/dl-fini.c
cfn=(610) _dl_fini
calls=1 +55 
* 5621
* 1

fl=(96)
fn=(712)
29 2
+4 1
+2 2

fl=(41) /usr/src/debug/glibc-2.12-2-gc4ccff1/csu/../sysdeps/x86_64/multiarch/init-arch.c
fn=(166) __init_cpu_features
53 1
-8 1
+8 1
+3 1
-3 1
+3 3
+70 1
+1 1
+2 1
+1 2
-74 2
+9 1
-33 3
+6 1
-6 1
+6 1
-6 1
+7 1
+30 1
-30 1
-7 1
+37 1
-31 1
+27 2
-26 1
+30 1
+1 1
-38 1
+32 1
+6 1
+5 2
+3 1
+1 2
+11 2
+12 4
-23 9

fl=(40) /usr/src/debug////////glibc-2.12-2-gc4ccff1/string/../sysdeps/x86_64/multiarch/strcmp.S
fn=(168) strncasecmp
124 1
+1 1
+3 1
+1 1
+1 1
+5 1

fn=(164) strcasecmp
106 1
+1 1
+1 1
cfi=(41)
cfn=(166)
calls=1 -55 
* 57
+2 1
+1 1
+1 1
+5 1

fl=(66)
fn=(522)
48 3
+1 1
-1 2
+1 1
+1 2
+1 1
cfi=(67)
cfn=(350)
calls=1 467 
* 16
+1 2
+1 3
-1 1
cfi=(65)
cfn=(521)
calls=1 3753 
* 812

fn=(348)
36 1
-1 2
+1 1
+1 1
cfi=(67)
cfn=(350)
calls=1 467 
* 59900
+1 1
+1 1
-1 1
cfi=(65)
cfn=(347)
calls=1 3619 
* 1053

fl=(70)
fn=(356)
117 1
+2 4
-1 3
+2 1

fl=(72) /usr/src/debug/glibc-2.12-2-gc4ccff1/misc/sbrk.c
fn=(364) sbrk
35 65
+8 88
+4 26
+4 48
+3 12
cfi=(73)
cfn=(366)
calls=12 -25 
* 144
-3 24
+7 78
-14 2
cfi=(73)
cfn=(366)
calls=1 -15 
* 12
* 4

fl=(49)
fn=(220)
19 1
+7 1
-7 5
+1 1
cfi=(50)
cfn=(222)
calls=1 538 
* 1996
-1 3
+10 2

fn=(700) __libc_fini
19 1
+17 1
-17 2
+20 2

fl=(57) /usr/src/debug/glibc-2.12-2-gc4ccff1/csu/libc-start.c
fn=(288) (below main)
96 7
+10 1
-10 3
+10 3
+52 1
-52 1
+52 1
+1 4
cfi=(58)
cfn=(290)
calls=1 57 
* 60
+22 4
+3 2
+1 5
cob=(7)
cfi=(54)
cfn=(294) __libc_csu_init
calls=1 0 
* 64
+4 4
+15 2
+9 2
cfi=(59)
cfn=(320)
calls=1 34 
* 29
+1 2
+5 2
+1 2
+3 2
+3 5
cob=(7)
cfi=(62) /h/dzelin01/Desktop/comp40/hw7/comp40hw7/um.c
cfn=(326) main
calls=1 20 
* 38756551251
+32 2
cfi=(92)
cfn=(608)
calls=1 99 
* 5933
106 2

fl=(71)
fn=(362)
48 13
+1 13
cfi=(72)
cfn=(364)
calls=13 -14 
* 503
+1 39
+3 26

fl=(48)
fn=(218)
26 1
+1 1
+1 1
+1 1
+1 1
+1 1
+1 1
+1 1
+1 1
+1 1
+1 1
+1 1
+1 1
+1 1
+1 1
+1 1
+1 1
+1 1
+1 1
+1 1
+1 1
+1 1
+1 1
+13 1
+1 1
+1 1
+1 1
+7 1
+1 1
+1 1
+1 1
+1 1
+1 1
+1 1

fl=(76) /usr/src/debug////////glibc-2.12-2-gc4ccff1/io/../sysdeps/unix/syscall-template.S
fn=(568) write
82 14
cfn=(570) __write_nocancel
calls=7 * 
* 35

fn=(378) open
82 2
cfn=(380) __open_nocancel
calls=1 * 
* 5

fn=(598) __close_nocancel
82 5

fn=(448) read
82 4
cfn=(450) __read_nocancel
calls=2 * 
* 10

fn=(570)
82 35

fn=(380)
82 5

fn=(450)
82 10

fl=(61)
fn=(324)
30 1
-1 2
+1 2
+5 1
-5 1
+5 2

fl=(68)
fn=(352)
35 5
+16 1

fl=(75)
fn=(560)
829 905
+1 181
-1 181
+1 362
+7 1082
+35 362
+3 362
+3 181
+1 181
-1 362
+1 724
+5 181
+1 905
-45 2
+12 3
+9 2
+4 1
+4 1
-1 1
-5 1
+1 1
+4 1
-3 1
+1 1
+3 1
-3 2
+3 3
+1 3
+9 21
+3 7
-1 21
cfn=(564) _IO_do_write@@GLIBC_2.2.5
calls=7 493 
* 637
* 14
-39 2
cfi=(74)
cfn=(432)
calls=1 419 
* 101
+1 6

fn=(566) _IO_file_write@@GLIBC_2.2.5
1261 7
+2 7
-2 42
+2 7
-2 7
+2 14
+11 7
-11 14
+2 14
+3 28
cfi=(76)
cfn=(568)
calls=7 82 
* 49
+1 14
+9 21
+3 42
-6 21

fn=(592)
162 1
+2 1
-2 2
+2 1
-2 1
+2 1
+3 5
+6 2
cfi=(74)
cfn=(594)
calls=1 1118 
* 5
+2 3
cfn=(596) _IO_file_close
calls=1 1252 
* 7
* 1
+4 3
+9 5
cfi=(74)
cfn=(442)
calls=1 404 
* 34
+1 2
+3 1
-3 1
+1 3
+2 1
cfi=(74)
cfn=(590)
calls=1 64 
* 10
+5 1
-4 1
+1 1
+1 1
+2 1
+1 5

fn=(596)
1252 2
cfi=(76)
cfn=(598)
calls=1 82 
* 5

fn=(372)
147 3
+5 1
-1 1
-4 1
+4 1
+3 1
cfi=(74)
cfn=(374)
calls=1 -50 
* 77
+1 1
+1 4

fn=(430)
537 8
+8 6
+6 6
+3 4
+13 4
+20 4
cfi=(74)
cfn=(444)
calls=2 188 
* 40
+6 2
+5 8
-5 4
+1 2
+1 6
+3 2
cfn=(446) _IO_file_read
calls=2 1200 
* 26
+2 4
+10 2
-3 2
+3 4
+2 4
+1 8
-56 3
+5 2
cfi=(74)
cfn=(432)
calls=1 419 
* 90
* 2

fn=(564)
493 42
+1 7
-1 14
+1 14
+2 42
+11 21
+7 28
+8 35
cfn=(566)
calls=7 1261 
* 294
+1 7
-1 7
+1 14
+5 7
-2 7
+2 7
-2 21
+1 14
+1 7
-34 7
+34 7
-34 7
+29 14
+5 14

fn=(376)
257 9
+11 2
415 7
270 3
+25 1
-10 1
+10 1
-10 1
+10 7
-7 2
+7 1
-25 4
+65 1
227 2
+4 3
cfi=(76)
cfn=(378)
calls=1 82 
* 7
* 1
+4 2
+3 1
-1 1
+1 2
+1 2
-1 1
+1 1
+7 2
cfi=(74)
cfn=(374)
calls=1 104 
* 11
+97 3
cfi=(77)
cfn=(382)
calls=1 53 
* 27
* 1
+1 3
-56 2

fn=(446)
1200 2
+1 4
+2 2
+1 2
-1 2
cfi=(76)
cfn=(448)
calls=2 82 
* 14

fn=(706)
445 2
+1 1
cfi=(74)
cfn=(708)
calls=1 562 
* 63
* 2
+4 1
-1 3
+2 3
+3 3

fn=(710)
891 1
+5 1
-5 1
+5 3
+2 1
+1 2
+17 2
+4 2

fn=(602)
205 1
+1 1
-1 1
+1 1
+6 2
+1 1
-1 1
cfi=(74)
cfn=(604)
calls=1 687 
* 24

fn=(436)
1225 2
+2 6
cfi=(84)
cfn=(438)
calls=2 37 
* 20

ob=(7)
fl=(62)
fn=(326)
20 5
+2 7
cfi=(54)
cfn=(328) stat
calls=1 -22 
* 1485
+1 2
+1 5
+2 6
cob=(3)
cfi=(64)
cfn=(340)
calls=1 +81 
* 61281
cob=(1)
cfi=(55)
cfn=(282)
calls=1 +4 
* 1403
* 5
* 1
+1 6
+4 5
cfi=(79) /h/dzelin01/Desktop/comp40/hw7/comp40hw7/emulator.c
cfn=(388) emulate
calls=1 -7 
* 38756485143
+2 3
cob=(3)
cfi=(91)
cfn=(588)
calls=1 +10 
* 397
cob=(1)
cfi=(55)
cfn=(282)
calls=1 -3 
* 1489
* 5
+1 1
+1 2

fl=(79)
fn=(390) boot
37 6
+1 4
cfi=(80) /h/dzelin01/Desktop/comp40/hw7/comp40hw7/memory.c
cfn=(392) memory_new
calls=1 -16 
* 15791
* 1
+3 2
+3 90330
cob=(3)
cfi=(82)
cfn=(424)
calls=30110 -7 
* 1174610
cob=(1)
cfi=(55)
cfn=(282)
calls=1 -14 
* 1381
* 30114
* 30110
+1 60220
+2 210770
cfi=(87) /h/dzelin01/Desktop/comp40/hw7/comp40hw7/bitpack.c
cfn=(454) Bitpack_newu
calls=30110 +43 
* 4877820
* 30110
+1 90330
cob=(3)
cfi=(82)
cfn=(424)
calls=30110 -11 
* 1174290
* 30110
* 210770
cfi=(87)
cfn=(454)
calls=30110 +42 
* 4877820
* 30110
+1 90330
cob=(3)
cfi=(82)
cfn=(424)
calls=30110 -12 
* 1174290
* 30110
* 210770
cfi=(87)
cfn=(454)
calls=30110 +41 
* 4877820
* 30110
+1 90330
cob=(3)
cfi=(82)
cfn=(424)
calls=30110 -13 
* 1174290
* 30110
* 210770
cfi=(87)
cfn=(454)
calls=30110 +40 
* 4877820
* 30110
+1 60220
cob=(3)
cfi=(65)
cfn=(346)
calls=30110 3619 
* 2770220
* 30110
* 30110
+1 120440
+1 180660
cfi=(80)
cfn=(462) word_store
calls=30110 +12 
* 2047480
+2 90330
cob=(3)
cfi=(65)
cfn=(472)
calls=30110 3702 
* 2529240
cob=(1)
cfi=(55)
cfn=(282)
calls=1 -25 
* 1363
* 30114
-14 150554
+17 1
+1 2

fn=(480) decode
90 510423132
+5 425352610
cfi=(87)
cfn=(482) Bitpack_getu
calls=85070522 -39 
* 6125077584
* 85070522
+1 170141044
+1 262584110
cfi=(87)
cfn=(482)
calls=52516822 -41 
* 3781211184
* 52516822
+1 262584110
cfi=(87)
cfn=(482)
calls=52516822 -42 
* 3781211184
* 52516822
+1 262584110
cfi=(87)
cfn=(482)
calls=52516822 -43 
* 3781211184
* 105033644
+2 162768500
cfi=(87)
cfn=(482)
calls=32553700 -45 
* 2343866400
* 32553700
+1 162768500
cfi=(87)
cfn=(482)
calls=32553700 -46 
* 2343866400
* 32553700
+4 425352610
+2 16478514
cfi=(88) /h/dzelin01/Desktop/comp40/hw7/comp40hw7/instructions.c
cfn=(496) CMOV
calls=2746419 -92 
* 73489464
+1 2746419
+2 155690432
cfi=(88)
cfn=(490) SLOAD
calls=19461304 -85 
* 1946130400
+1 19461304
+2 129605984
cfi=(88)
cfn=(488) SSTORE
calls=16200748 -80 
* 1587673304
+1 16200748
+2 18846240
cfi=(88)
cfn=(494) ADD
calls=3141040 -75 
* 84808080
+1 3141040
+2 629490
cfi=(88)
cfn=(508) MULT
calls=104915 -70 
* 2832705
+1 104915
+2 1022016
cfi=(88)
cfn=(532) DIV
calls=170336 -64 
* 5110080
+1 170336
+2 25775340
cfi=(88)
cfn=(492) NAND
calls=4295890 -59 
* 120284920
+1 4295890
+2 3
cfi=(88)
cfn=(572) HALT
calls=1 -54 
* 4032835
+1 2
+3 8489004
cfi=(88)
cfn=(498) MAP
calls=1414834 -50 
* 774369384
+1 1414834
+2 8460270
cfi=(88)
cfn=(534) UNMAP
calls=1410045 -45 
* 604909425
+1 1410045
+2 905
cfi=(88)
cfn=(550) OUTPUT
calls=181 -39 
* 23291
+1 181
+5 21426654
cfi=(88)
cfn=(486) LOADP
calls=3571109 -27 
* 82135507
* 3571109
+3 195322200
cfi=(88)
cfn=(484) LOADV
calls=32553700 -18 
* 455751800
+1 32553700
+3 32553700
+1 65107400
-1 48945712
+1 105033644

fn=(388)
24 5
+1 1
+1 4
+1 6
cfn=(390)
calls=1 +10 
* 33802403
* 1
+1 5
cfn=(476) fetch
calls=1 +39 
* 38722682716
+1 2

fn=(476)
67 5
+1 1
+3 5
cfi=(80)
cfn=(478) word_load
calls=1 -16 
* 65
* 425352605
cfi=(80)
cfn=(478)
calls=85070521 -16 
* 5529583865
* 510423132
cfn=(480)
calls=85070522 +19 
* 31821257098
* 85070522
+2 170141044
+1 81499412
+8 81499412
-6 7142220
+1 1
+4 7142218
+1 3571109
+1 2

fl=(80)
fn=(500) segment_map
103 7074170
+5 7074170
cfi=(54)
cfn=(502) Stack_empty
calls=1414834 0 
* 12733506
* 2829668
+1 105240
cfi=(54)
cfn=(504) Seq_length
calls=21048 0 
* 147336
* 63144
+2 84192
cfi=(54)
cfn=(412) UArray_new
calls=21048 0 
* 10968620
* 21048
+1 147336
cfi=(54)
cfn=(506) Seq_addhi
calls=21048 0 
* 619893
+1 105240
cfi=(54)
cfn=(504)
calls=21048 0 
* 147336
* 63144
+2 4181358
cfn=(546) stack_get
calls=1393786 +24 
* 167254320
* 1393786
+1 5575144
cfi=(54)
cfn=(412)
calls=1393786 0 
* 458350797
* 1393786
+1 11150288
cfi=(54)
cfn=(542) Seq_put
calls=1393786 0 
* 39026008
+3 1414834
+1 2829668

fn=(392)
22 4
+2 2
cob=(3)
cfi=(65)
cfn=(346)
calls=1 3619 
* 192
cob=(1)
cfi=(55)
cfn=(282)
calls=1 +6 
* 1458
* 5
* 1
+2 2
cfi=(54)
cfn=(398) Seq_new
calls=1 -26 
* 2016
* 1
+1 4
cfi=(54)
cfn=(412)
calls=1 -27 
* 11842
* 1
+1 5
cfi=(54)
cfn=(416) Seq_addlo
calls=1 -28 
* 29
+1 3
+1 1
cfi=(54)
cfn=(418) Stack_new
calls=1 -30 
* 220
* 2
+1 1
+1 2

fn=(574) memory_free
38 4
+1 5
cfi=(54)
cfn=(504)
calls=1 -39 
* 7
* 1
+1 2
+1 105245
cfi=(54)
cfn=(576) Seq_remhi
calls=21049 -41 
* 378882
* 21049
+1 63147
+1 14370
cfi=(54)
cfn=(538) UArray_free
calls=4790 -43 
* 1820939
-3 84199
+6 4
cfi=(54)
cfn=(578) Seq_free
calls=1 -46 
* 162
+1 5
cfi=(54)
cfn=(582) Stack_free
calls=1 -47 
* 1544714
+1 4
cob=(3)
cfi=(65)
cfn=(472)
calls=1 3702 
* 84
* 1
+1 2

fn=(536) segment_unmap
128 7050225
+1 9870315
cfi=(54)
cfn=(464) Seq_get
calls=1410045 0 
* 32431035
* 1410045
+1 4230135
cfi=(54)
cfn=(538)
calls=1410045 0 
* 274958895
+1 11280360
cfi=(54)
cfn=(542)
calls=1410045 0 
* 39481260
+1 11280360
cfi=(54)
cfn=(544) Stack_push
calls=1410045 0 
* 184715895
+1 2820090

fn=(462)
65 113616006
+1 113616006
cfi=(54)
cfn=(464)
calls=16230858 -66 
* 373309734
* 16230858
+1 81154290
cfi=(54)
cfn=(466) UArray_at
calls=16230858 -67 
* 292155444
* 16230858
+1 64923432
+1 32461716

fn=(478)
55 627190956
+1 731722782
cfi=(54)
cfn=(464)
calls=104531826 -56 
* 2404231998
* 104531826
+1 522659130
cfi=(54)
cfn=(466)
calls=104531826 -57 
* 1881572868
* 104531826
+1 209063652
+1 209063652

fn=(546)
139 5575144
+1 6968930
cfi=(54)
cfn=(548) Stack_pop
calls=1393786 0 
* 149135102
* 1393786
+1 1393786
+1 2787572

fl=(88)
fn=(494)
42 18846240
+1 59679760
+1 6282080

fn=(496)
16 16478514
+1 21971352
+1 29546760
+2 5492838

fn=(488)
34 129605984
+1 324014960
cfi=(80)
cfn=(462)
calls=16200748 +30 
* 1101650864
+1 32401496

fn=(498)
83 11318672
+1 21222510
cfi=(80)
cfn=(500)
calls=1414834 +19 
* 734754032
* 1414834
+1 5659336

fn=(534)
91 8460270
+1 14100450
cfi=(80)
cfn=(536)
calls=1410045 +36 
* 579528615
+1 2820090

fn=(532)
59 1192352
+1 3406720
+1 511008

fn=(572)
75 4
+1 3
cfi=(80)
cfn=(574)
calls=1 -38 
* 4032826
+1 2

fn=(484)
130 162768500
+1 227875900
+1 65107400

fn=(492)
67 25775340
+1 85917800
+1 8591780

fn=(490)
26 175151736
+1 408687384
cfi=(80)
cfn=(478)
calls=19461304 +28 
* 1264984760
* 19461304
+1 77845216

fn=(486)
118 24997763
+1 28568872
+4 21426654
+1 7142218

fn=(508)
50 629490
+1 1993385
+1 209830

fn=(550)
100 905
+1 3077
+1 1448
cob=(3)
cfi=(90)
cfn=(556)
calls=181 -73 
* 15853
cob=(1)
cfi=(55)
cfn=(282)
calls=1 -72 
* 1461
* 185
+1 362

fl=(87)
fn=(456) Bitpack_fitsu
28 481760
+1 843080
+1 120440
+2 722640
+1 240880
+3 240880

fn=(454)
90 843080
+1 602200
cfn=(456)
calls=120440 -63 
* 2649680
* 120440
+3 481760
+3 120440
+1 1204400
cfn=(458) shift_rightu
calls=120440 +53 
* 2047480
* 120440
+1 963520
cfn=(460) shift_left
calls=120440 +42 
* 2047480
* 120440
+2 120440
+1 240880
+1 1204400
cfn=(460)
calls=120440 +38 
* 2047480
* 240880
+1 1445280
cfn=(458)
calls=120440 +47 
* 2047480
* 240880
+1 240880
+2 120440
+2 240880

fn=(460)
141 1847815608
+1 923907804
+1 1847815608
+1 615938536

fn=(482)
56 1846370328
+1 615456776
+5 4000469044
cfn=(460)
calls=307728388 +79 
* 5231382596
* 615456776
+1 3077283880
cfn=(458)
calls=307728388 +88 
* 5231382596
* 615456776
+2 307728388
+1 615456776

fn=(458)
151 1847815608
+1 923907804
+1 1847815608
+1 615938536

fl=(54)
fn=(410) UArrayRep_init
0 42445080

fn=(466)
0 2173728312

fn=(510) expand
0 56
cfn=(512) UArray_resize
calls=8 0 
0 91774
0 104
cob=(3)
cfi=(89)
cfn=(526)
calls=8 56 
0 144
cob=(1)
cfi=(55)
cfn=(282)
calls=1 30 
0 1523
0 12
0 40

fn=(578)
0 9
cfn=(538)
calls=1 0 
0 153

fn=(274) 0x0000000000400ae0
0 11
cob=(3)
cfi=(57)
cfn=(288)
calls=1 96 
0 38756557394
cob=(1)
cfi=(55)
cfn=(282)
calls=1 30 
0 1822
0 5

fn=(538)
0 15563196
cfn=(540) Mem_free
calls=1414836 0 
0 125392535
0 7074180
cfn=(540)
calls=1414836 0 
0 124505568
0 4244508

fn=(298)
0 6

fn=(400) Mem_calloc
0 22637376
cob=(3)
cfi=(65)
cfn=(406)
calls=1414836 4050 
0 191436090
cob=(1)
cfi=(55)
cfn=(282)
calls=1 30 
0 1497
0 1414840
0 11318688

fn=(582)
0 81302
cfn=(540)
calls=16258 0 
0 1430704
0 4
cfn=(540)
calls=1 0 
0 88
0 32523
cfn=(540)
calls=1 0 
0 88
0 5

fn=(408) Mem_alloc
0 31073702
cob=(3)
cfi=(65)
cfn=(346)
calls=2824882 3619 
0 261891907
0 2824882
0 19774174

fn=(412)
0 14148350
cfn=(408)
calls=1414835 0 
0 159049262
0 11318680
cfn=(400)
calls=1414835 0 
0 226806732
0 7074175
cfn=(410)
calls=1414835 0 
0 42445050
0 8489010

fn=(464)
0 2809972767

fn=(548)
0 22300576
cfn=(540)
calls=1393786 0 
0 122653168
0 4181358

fn=(622) 0x0000000000400b30
0 8

fn=(294)
0 15
cob=(2)
cfi=(12)
cfn=(296)
calls=1 0 
0 39
0 10

fn=(328)
0 4
cob=(3)
cfi=(63)
cfn=(334)
calls=1 37 
0 10
cob=(1)
cfi=(55)
cfn=(282)
calls=1 30 
0 1466
0 5

fn=(416)
0 29

fn=(418)
0 5
cfn=(408)
calls=1 0 
0 211
0 4

fn=(540)
0 12719154
cob=(3)
cfi=(65)
cfn=(472)
calls=4239718 3702 
0 357023279
0 4239718

fn=(544)
0 15510495
cfn=(408)
calls=1410045 0 
0 156514995
0 12690405

fn=(576)
0 378882

fn=(616)
0 14
cfn=(622)
calls=1 0 
0 8
0 5

fn=(506)
0 526216
cfn=(510)
calls=8 0 
0 93653
0 24

fn=(512)
0 160
cfn=(514) Mem_resize
calls=8 0 
0 91566
0 48

fn=(514)
0 128
cob=(3)
cfi=(65)
cfn=(520)
calls=8 3753 
0 90024
cob=(1)
cfi=(55)
cfn=(282)
calls=1 30 
0 1338
0 12
0 64

fn=(398)
0 11
cfn=(400)
calls=1 0 
0 1759
0 6
cfn=(408)
calls=1 0 
0 197
0 5
cfn=(410)
calls=1 0 
0 30
0 8

fn=(502)
0 12733506

fn=(542)
0 78507268

fn=(304)
0 15

fn=(314)
0 12

fn=(504)
0 294679

ob=(6)
fl=(53)
fn=(260)
0 6

fn=(254)
0 6

fn=(266)
0 11

fn=(662)
0 10
cob=(3)
cfi=(94)
cfn=(644)
calls=1 31 
0 62
cob=(1)
cfi=(55)
cfn=(282)
calls=1 30 
0 1602
0 5
0 13

ob=(1)
fl=(5) /usr/src/debug/glibc-2.12-2-gc4ccff1/elf/../elf/dl-sysdep.c
fn=(8) _dl_sysdep_start
89 8
+25 1
-1 1
+1 179
+3 1
-3 1
+6 2
-2 1
-1 1
+3 1
-6 1
+6 4
+1 1
-1 7
+1 102
+3 2
-4 49
fi=(16) /usr/src/debug/glibc-2.12-2-gc4ccff1/elf/../sysdeps/unix/sysv/linux/dl-sysdep.c
-84 2
cfi=(6) /usr/src/debug/glibc-2.12-2-gc4ccff1/elf/../sysdeps/unix/sysv/linux/x86_64/brk.c
cfn=(10) brk
calls=1 -7 
* 11
fi=(7) /usr/src/debug/glibc-2.12-2-gc4ccff1/elf/../sysdeps/x86_64/dl-machine.h
226 5
fe=(5)
+3 2
cfi=(9) /usr/src/debug/glibc-2.12-2-gc4ccff1/elf/../misc/sbrk.c
cfn=(16) sbrk
calls=1 35 
* 17
* 3
+12 3
+3 5
cfi=(2)
cfn=(18) dl_main
calls=1 888 
* 330421
+2 9
-67 1
-59 4
+34 1
-34 4
+43 1
-43 4
+40 1
-40 4
+37 1
-37 5
+13 1
-13 4
+10 1
-10 4
+7 1
-7 4
227 1
cfi=(8) /usr/src/debug////////glibc-2.12-2-gc4ccff1/string/../sysdeps/x86_64/rtld-strlen.S
cfn=(14) strlen
calls=1 29 
* 39
* 2

fn=(176) _dl_sysdep_start_cleanup
252 1

fn=(56) _dl_important_hwcaps
354 6
+3 1
-3 2
+3 1
-1 1
+1 1
+9 1
-12 4
+12 1
+10 3
+75 2
+8 2
+2 1
+1 1
-1 2
+1 3
+11 1
-7 2
+1 1
-1 1
+7 1
+4 6
+1 2
+18 11
+1 3
cfi=(13) /usr/src/debug/glibc-2.12-2-gc4ccff1/elf/dl-minimal.c
cfn=(32) malloc
calls=1 95 
* 29
* 1
+1 1
-1 1
+1 1
+4 2
+22 3
+3 1
-3 3
+3 1
+28 2
-7 1
+7 4
+1 1
-1 1
+1 1
-1 1
+1 1
-1 1
+1 3
-1 3
+1 3
-1 3
+1 3
-1 5
+5 2
-5 3
+5 3
+3 1
-3 1
+3 1
-3 3
+3 1
-3 1
+3 7
+2 16
-2 4
+1 12
-1 2
+1 12
-1 10
+4 4
+3 1
+2 2
-1 1
-1 2
+2 3
+13 11
+1 1
+2 2
-3 3
+1 1
+2 2
+3 3
+3 9
418 1
+3 1
-3 1
+3 8
529 5
cfi=(14) /usr/src/debug////////glibc-2.12-2-gc4ccff1/string/../sysdeps/x86_64/memcpy.S
cfn=(58) mempcpy
calls=1 56 
* 22
* 1
+1 1
-1 1
+1 2
cfi=(14)
cfn=(58)
calls=1 56 
* 22
* 3

fl=(35) /usr/src/debug/glibc-2.12-2-gc4ccff1/elf/dl-version.c
fn=(138) _dl_check_map_versions
180 54
+15 6
-15 12
+15 12
+2 6
+3 6
-3 6
+2 6
+1 6
+2 6
-3 6
+3 6
+3 12
+4 4
-4 4
+4 8
+10 16
+7 4
62 4
226 8
62 24
226 1
62 1
226 2
62 16
+1 20
-1 40
+2 75
cfi=(24) /usr/src/debug/glibc-2.12-2-gc4ccff1/elf/dl-misc.c
cfn=(84) _dl_name_match_p
calls=25 301 
* 1545
* 50
234 15
+5 20
+20 16
-16 112
cfn=(140) match_symbol
calls=1 82 
* 138
* 72
cfn=(140)
calls=12 82 
* 2183
* 65
+11 39
+9 20
+5 3
+1 1
69 4
277 12
+3 12
+10 44
-10 88
+6 66
-6 12
+6 9
+8 12
+87 54
-81 5
-1 15
cfi=(13)
cfn=(28) calloc
calls=5 111 
* 195
* 5
+2 5
-2 5
+2 5
+11 5
+2 5
-5 5
+3 10
+2 5
+3 20
+4 15
+18 24
-15 16
+2 24
-2 10
+2 15
+2 78
+1 39
+1 39
+1 39
+3 39
+8 15
+5 3
+1 1
+4 10
+3 15
+20 44
-14 22
-2 22
+2 25
-2 3
+2 3
+5 44
+1 22
-1 110
+1 22
+1 22
-1 44
+4 78
269 6

fn=(136) _dl_check_all_versions
387 5
+4 1
-4 1
+4 1
-4 1
+4 3
+1 18
-1 6
+1 6
-1 12
+5 7
-3 24
cfn=(138)
calls=6 180 
* 6097
-1 24

fn=(140)
82 130
+9 13
-8 13
-1 39
+1 13
+8 13
+6 39
+18 26
+5 26
+14 180
+12 231
+4 154
-30 154
+19 78
cfi=(15) /usr/src/debug////////glibc-2.12-2-gc4ccff1/string/../sysdeps/x86_64/strcmp.S
cfn=(46) strcmp
calls=13 -4 
* 1069
* 39
+34 13
+1 91

fl=(37) /usr/src/debug/glibc-2.12-2-gc4ccff1/elf/dl-reloc.c
fn=(150) _dl_relocate_object
158 36
+10 12
-10 18
+14 6
-14 12
+14 6
+1 30
+6 12
+6 18
+4 12
+8 18
+45 6
fi=(7)
96 12
fe=(37)
242 12
fi=(7)
96 6
+39 6
fe=(37)
268 156
fi=(38) /usr/src/debug/glibc-2.12-2-gc4ccff1/elf/do-rel.h
57 4
+1 4
+1 4
fe=(37)
268 4
156 4
fi=(38)
-91 4
fe=(37)
+91 4
fi=(7)
295 4
fe=(37)
-27 4
fi=(7)
+27 4
fi=(38)
65 4
fe=(37)
268 2
fi=(38)
57 2
+1 2
+1 2
fe=(37)
268 2
156 2
fi=(38)
-91 2
fe=(37)
+91 2
fi=(7)
295 2
fe=(37)
-27 2
fi=(7)
+27 2
fi=(38)
65 2
+3 16
fi=(7)
476 4
-1 8
+4 8
-3 243
-1 486
+4 486
+2 741
+1 19
fi=(38)
68 741
fe=(37)
268 42
fi=(38)
59 6
fe=(37)
268 36
fi=(38)
65 6
fe=(37)
268 6
fi=(38)
57 6
+1 6
+7 6
+10 6
+2 6
-2 12
+1 6
+1 52
+14 5
-12 5
+12 11
-12 1
+12 2
+10 18
+10 15
+4 5
+2 5
-2 5
+2 5
fi=(7)
296 15
fi=(38)
119 10
+1 5
+2 10
-2 5
-1 5
fi=(7)
267 5
fi=(38)
119 5
fi=(7)
270 5
fi=(38)
119 5
+1 15
fi=(7)
270 5
fi=(38)
119 432
+1 216
+2 432
-2 216
-1 216
fi=(7)
267 216
fi=(38)
119 216
fi=(7)
270 216
fi=(38)
119 216
+1 648
fi=(7)
270 216
+18 442
+7 5092
fi=(38)
120 384
fi=(7)
295 576
fi=(38)
120 192
fi=(7)
295 807
fi=(38)
120 26
fi=(7)
295 39
fi=(38)
120 13
fi=(7)
295 2512
cfi=(4) /usr/src/debug/glibc-2.12-2-gc4ccff1/elf/dl-lookup.c
cfn=(156) _dl_lookup_symbol_x
calls=205 724 
* 265543
* 820
+1 663
+4 215
-4 430
+4 215
-1 430
+10 442
fe=(37)
-38 18
+28 6
+3 12
+13 12
+1 6
cfn=(170) _dl_protect_relro
calls=3 +8 
* 72
* 3
+1 48
fi=(7)
135 8
-39 8
+6 8
+4 12
+13 4
-8 4
+8 8
+13 4
+3 4
-3 4
+3 12
fe=(37)
+50 18
+83 18
fi=(38)
117 7
fi=(7)
309 884
+85 206
fi=(38)
117 412
fi=(7)
394 206
fi=(38)
117 210
fi=(7)
377 30
+4 30
+5 20
fi=(38)
117 10
fi=(7)
386 20
fi=(38)
117 20
fi=(7)
327 2
+1 1
fi=(38)
117 1
fi=(7)
328 1
fi=(38)
117 2
fi=(7)
448 4
fi=(38)
117 2
fi=(7)
448 2
cob=(3)
cfi=(40)
cfn=(168)
calls=1 124 
* 6
cob=(3)
cfi=(40)
cfn=(164)
calls=1 106 
* 64
+1 2
fi=(38)
117 4
fi=(7)
430 6
+4 10
cfi=(14)
cfn=(38) memcpy
calls=2 56 
* 36
+2 10
295 26
fi=(38)
104 5
fi=(7)
467 3
fi=(38)
104 2
fi=(7)
467 1
fi=(38)
104 1
+7 3
+16 5
+1 2
+1 2
-1 1
fi=(7)
267 1
fi=(38)
128 1
fi=(7)
270 1
fi=(38)
128 3
fi=(7)
270 1
fi=(38)
128 8
+1 8
-1 4
fi=(7)
267 4
fi=(38)
128 4
fi=(7)
270 4
fi=(38)
128 12
fi=(7)
270 4
+18 10
+7 195
cfi=(4)
cfn=(156)
calls=5 724 
* 6177
* 20
+1 15
+4 1
-4 2
+4 1
-1 2
+10 30
108 4
+1 6
394 15
fi=(38)
127 16
fi=(7)
484 1140
295 95
fe=(37)

fn=(170)
324 3
-2 6
+1 6
+1 9
+2 6
+2 6
+1 9
cfi=(27) /usr/src/debug////////glibc-2.12-2-gc4ccff1/misc/../sysdeps/unix/syscall-template.S
cfn=(100) mprotect
calls=3 82 
* 15
-1 6
+7 6

fl=(2)
fn=(134) version_check_doit
660 2
+3 4
cfi=(35)
cfn=(136)
calls=1 387 
* 6206
-1 2
+4 2

fn=(72) do_preload
802 6
+6 1
+1 1
+5 5
-10 1
+6 1
+2 1
+2 1
cfi=(22) /usr/src/debug/glibc-2.12-2-gc4ccff1/elf/dl-error.c
cfn=(74) _dl_catch_error
calls=1 160 
* 2244
+1 2
+2 3
+12 5

fn=(80) map_doit
628 2
+2 7
cfi=(18) /usr/src/debug/glibc-2.12-2-gc4ccff1/elf/dl-load.c
cfn=(82) _dl_map_object
calls=1 1984 
* 2175
* 1
+2 2

fn=(2) _dl_start
365 9
+18 4
fi=(7)
76 2
fe=(2)
383 1
+29 2
-3 1
fi=(3) /usr/src/debug/glibc-2.12-2-gc4ccff1/elf/dynamic-link.h
119 1
fe=(2)
412 1
fi=(3)
119 2
+3 1
+4 1
+5 1
+3 1
+1 1
-3 1
-5 2
-5 14
+15 14
-18 42
+18 3
-18 9
+2 44
+5 32
+1 15
+10 5
-18 16
+25 2
fe=(2)
547 1
288 68
+12 2
cfi=(4)
cfn=(6) _dl_setup_hash
calls=1 873 
* 24
+1 1
+1 1
+1 1
-2 1
+3 1
-2 1
+1 1
+1 1
+21 1
+10 1
-10 3
+10 1
-6 1
-4 1
+10 1
cfi=(5)
cfn=(8)
calls=1 89 
* 330923
* 1
+9 1
+7 1
-4 1
+4 1
572 9
fi=(3)
128 12
+3 12
+1 8
+2 4
+1 4
fe=(2)
540 2

fn=(18)
888 1
+19 1
-19 5
+22 1
-22 2
+32 1
-32 4
+27 1
-1 1
+6 1
+3 1
-16 1
+3 1
+4 1
+1 1
+8 1
cfn=(20) process_envvars
calls=1 2532 
* 604
+7 3
1109 5
+9 1
-9 2
cfi=(11) /usr/src/debug/glibc-2.12-2-gc4ccff1/elf/dl-object.c
cfn=(24) _dl_new_object
calls=1 62 
* 250
+4 1
-4 1
+3 1
+6 2
-5 1
+1 2
+4 1
cfi=(11)
cfn=(40) _dl_add_to_namespace_list
calls=1 33 
* 31
* 1
+30 1
-3 1
+3 1
-8 1
+1 1
+2 1
+5 5
+1 24
-1 24
+1 39
+91 2
+1 1
-88 3
+1 1
+49 2
+1 2
-1 8
+2 4
+1 2
+3 2
+1 2
-1 2
+1 2
+1 2
+1 6
+1 2
-43 1
-3 2
+3 1
+7 2
-10 1
+10 1
+68 2
-87 3
+1 1
+92 3
+3 2
+2 2
+2 3
+13 3
+1 6
cfi=(15)
cfn=(46)
calls=1 135 
* 7
-1 2
+12 2
-4 1
-2 1
+3 1
+3 1
+6 2
fi=(3)
104 1
+9 2
+6 1
-2 1
+2 2
+7 1
+5 1
+3 1
+1 1
-3 1
-5 2
-1 12
+1 9
+10 3
-18 9
+2 42
+8 18
+8 18
-18 54
+25 3
+67 3
+14 3
+7 2
fe=(2)
1294 2
cfi=(4)
cfn=(6)
calls=1 873 
* 14
+3 2
+20 4
+92 1
cfi=(16)
cfn=(50) _dl_discover_osversion
calls=1 67 
* 92
* 8
+5 2
cfi=(18)
cfn=(54) _dl_init_paths
calls=1 633 
* 1976
+3 3
cfi=(20) /usr/src/debug/glibc-2.12-2-gc4ccff1/elf/dl-debug.c
cfn=(66) _dl_debug_initialize
calls=1 52 
* 23
+7 1
-7 1
+2 1
+5 1
+4 1
+3 1
-2 1
+3 1
-2 1
-2 2
+9 1
-9 1
+1 1
+8 1
+5 1
+4 1
-3 2
+3 1
+4 1
-5 1
+5 2
+1 2
+1 1
-1 2
+1 3
+2 2
+1 2
+5 2
+5 4
1642 1
cfi=(21) /usr/src/debug/glibc-2.12-2-gc4ccff1/elf/dl-tls.c
cfn=(68) _dl_count_modids
calls=1 116 
* 5
* 1
+8 3
+3 2
+4 3
+5 2
+1 1
cfi=(20)
cfn=(70) _dl_debug_state
calls=1 77 
* 1
+1 1
+4 3
+19 4
+31 3
cfi=(25) /usr/src/debug////////glibc-2.12-2-gc4ccff1/io/../sysdeps/unix/syscall-template.S
cfn=(108) access
calls=1 82 
* 11
* 2
+77 5
+17 1
+1 2
-1 1
+1 2
-1 1
+1 3
cfi=(29) /usr/src/debug/glibc-2.12-2-gc4ccff1/elf/dl-deps.c
cfn=(110) _dl_map_object_deps
calls=1 149 
* 19758
+1 1
+2 5
+3 1
-3 2
+3 1
-3 1
+3 1
-3 1
+3 1
+1 5
-1 2
+1 20
-1 11
+4 3
+1 3
+1 1
+2 2
+1 27
-1 12
+1 2
+13 1
-1 2
+1 1
+2 4
+5 1
-5 1
+4 2
+12 1
+3 1
+1 1
-1 1
+1 3
+11 2
+2 3
-2 2
+1 4
+1 1
cfi=(22)
cfn=(132) _dl_receive_error
calls=1 198 
* 6246
+10 1
+1 1
-1 1
+1 1
+3 2
851 1
fi=(36) /usr/src/debug/glibc-2.12-2-gc4ccff1/elf/../sysdeps/unix/sysv/linux/dl-osinfo.h
70 2
+48 2
fe=(2)
853 1
+6 2
fi=(36)
127 2
+11 2
fe=(2)
864 1
+2 1
+6 1
1895 2
2121 3
+56 2
+4 4
+4 2
+48 2
+7 1
-7 1
+7 1
+3 25
+3 3
+6 2
+2 2
-2 10
+2 10
+7 6
-2 6
+2 12
+1 35
cfi=(37)
cfn=(150)
calls=5 158 
* 286065
+4 14
+1 2
cfi=(21)
cfn=(172) _dl_add_to_slotinfo
calls=1 843 
* 24
+2 6
+2 12
+1 1
+2 7
+6 1
-6 1
+6 1
+9 4
+2 1
+5 2
cfi=(21)
cfn=(174) _dl_allocate_tls_init
calls=1 402 
* 128
+4 2
+11 4
+29 1
cfi=(5)
cfn=(176)
calls=1 252 
* 1
+4 3
+20 3
cfi=(20)
cfn=(66)
calls=1 52 
* 9
+1 1
-1 1
+2 1
cfi=(20)
cfn=(70)
calls=1 77 
* 1
+1 1
+4 1
cfi=(31) /usr/src/debug/glibc-2.12-2-gc4ccff1/elf/dl-cache.c
cfn=(178) _dl_unload_cache
calls=1 316 
* 15
+5 8
-50 1
+2 1
+1 1
-3 1
+3 3
-3 1
+3 1
cfi=(37)
cfn=(150)
calls=1 158 
* 9909
+1 1
+2 10
1438 4
-11 4
1799 9
+4 3
+1 1
+1 3
2256 1
+1 1
-3 2
1694 78
cfi=(14)
cfn=(38)
calls=1 56 
* 66
* 1
+3 4
+3 3
cfi=(13)
cfn=(64) strsep
calls=1 325 
* 1266
* 3
cfi=(13)
cfn=(64)
calls=1 325 
* 4
* 6
+1 4
+3 4
cfn=(72)
calls=1 802 
* 2271
* 2
+2 1
+2 12
1888 1
cfn=(142) init_tls
calls=1 782 
* 590
* 2

fn=(20)
2532 1
+8 2
-8 4
+23 1
-23 4
+8 1
-8 1
+8 2
-7 1
+6 2
fi=(98) /usr/src/debug/glibc-2.12-2-gc4ccff1/elf/../sysdeps/unix/sysv/linux/dl-librecon.h
32 1
fe=(2)
2539 1
-6 1
fi=(98)
32 2
fe=(2)
2542 2
cfi=(10) /usr/src/debug/glibc-2.12-2-gc4ccff1/elf/dl-environ.c
cfn=(22) _dl_next_ld_env_entry
calls=1 31 
* 28
* 4
cfi=(10)
cfn=(22)
calls=2 31 
* 348
* 9
+4 6
-4 2
+4 38
+1 19
-1 57
+9 12
2704 1
-4 1
+4 1
-4 1
+4 1
+30 2
+21 8
2629 17
-53 5
+7 12
+2 2
+1 1
+45 2
+1 1

fn=(76) _dl_initial_error_catch_tsd
796 18

fn=(142)
782 1
-56 1
-4 1
-2 1
+2 1
+4 1
+60 3
-54 1
+3 4
cfi=(13)
cfn=(28)
calls=1 111 
* 39
* 1
+14 1
-14 1
+7 1
+1 1
+6 3
+2 12
+4 1
+2 1
-2 2
-5 1
-1 2
+1 5
-1 10
+13 1
cfi=(21)
cfn=(144) _dl_determine_tlsoffset
calls=1 138 
* 55
+7 1
cfi=(21)
cfn=(146) _dl_allocate_tls_storage
calls=1 354 
* 424
+1 1
-1 1
+1 1
+6 1
+4 1
-4 1
+4 6
+3 1
+2 1

fn=(42)
836 7
+1 7

fn=(44)
842 7
+1 7

fl=(17) /usr/src/debug////////glibc-2.12-2-gc4ccff1/posix/../sysdeps/unix/syscall-template.S
fn=(52) uname
82 4
+1 1

fl=(20)
fn=(70)
77 2

fn=(66)
52 12
+5 6
-5 6
+5 12
+5 2
-1 1
+1 3
+1 2
+4 6
-10 12
+4 1
-1 1
+1 4

fl=(16)
fn=(50)
67 4
+2 3
+85 5
-45 3
cfi=(17)
cfn=(52)
calls=1 -27 
* 5
* 3
+12 2
+10 12
+4 3
-2 9
+2 10
+3 4
-3 4
+7 3
-1 3
+2 3
+2 14
+5 2

fl=(21)
fn=(174)
402 7
+1 1
-1 1
+1 1
+4 1
+8 5
+5 6
+6 8
+27 3
+8 3
+1 3
+1 6
cfi=(14)
cfn=(58)
calls=1 56 
* 23
* 4
cfi=(28) /usr/src/debug////////glibc-2.12-2-gc4ccff1/string/../sysdeps/x86_64/memset.S
cfn=(102) memset
calls=1 44 
* 27
* 3
-43 3
+6 4
+3 1
+1 2
+7 1
+2 1
-2 2
+2 2
+38 1
+3 9

fn=(130) _dl_next_tls_modid
57 3
+48 2
+4 1

fn=(172)
843 6
+6 1
+3 2
+5 3
+42 1
-1 3
+1 2
+1 6

fn=(146)
354 1
+13 1
-13 2
+2 1
+11 2
cfi=(13)
cfn=(36) __libc_memalign
calls=1 53 
* 50
* 1
+1 1
-1 1
+1 1
+7 1
+4 307
-58 1
+1 1
-1 1
+1 2
cfi=(13)
cfn=(28)
calls=1 111 
* 39
* 1
+1 2
+3 1
+6 2
+64 5

fn=(68)
116 2
+1 3

fn=(144)
138 1
+11 1
-11 3
+45 8
+5 2
+4 2
-4 3
+2 2
+2 3
+12 2
+4 5
+3 2
-1 2
+10 1
-37 2
+37 1
-37 3
+41 1
-1 1
+52 1
-51 1
+52 4
-52 3
+52 1

fl=(24)
fn=(120) _dl_sysdep_read_whole_file
44 2
+3 1
-3 4
+3 1
-3 1
+3 1
cfi=(25)
cfn=(90) open
calls=1 +35 
* 5
+1 1
-1 1
+1 2
+2 4
cfi=(26) /usr/src/debug/glibc-2.12-2-gc4ccff1/io/../sysdeps/unix/sysv/linux/wordsize-64/fxstat.c
cfn=(96) _fxstat
calls=1 -13 
* 10
* 2
+2 1
+3 1
-3 1
+3 1
+13 2
cfi=(25)
cfn=(106) close
calls=1 +14 
* 5
+3 7
-14 7
cfi=(27)
cfn=(98) mmap
calls=1 +25 
* 6
* 2

fn=(84)
301 765
+1 306
cfi=(15)
cfn=(46)
calls=153 135 
* 1078
* 306
+3 153
+2 306
+4 153
-4 306
+1 486
cfi=(15)
cfn=(46)
calls=162 135 
* 3119
* 324
+6 9
-7 9
+7 171
-7 144
+7 432

fl=(13)
fn=(64)
325 5
+1 10
+4 27
+5 6
-5 270
+5 364
+2 736
+8 92
-15 278
+18 2
+4 4
-13 2
+2 2
+7 1
+4 1

fn=(32)
95 31
+1 62
cfn=(36)
calls=31 -43 
* 831
* 31

fn=(28)
111 12
-3 12
+3 24
-3 12
+3 24
+4 24
cfn=(32)
calls=12 -20 
* 404
* 12

fn=(36)
53 128
+1 127
+11 93
+3 31
-3 31
+3 62
-3 3
+3 1
-3 1
+3 118
+4 12
+1 9
+6 21
cfi=(27)
cfn=(98)
calls=3 +3 
* 18
+2 6
+3 6
+1 6
-1 3
+1 6
+3 3
+1 3
+2 12
-3 29
+1 29
+2 116
-31 2
-1 5

fl=(29)
fn=(112) openaux
62 14
+7 7
-4 77
cfi=(18)
cfn=(82)
calls=7 1984 
* 16481
* 7
+5 14

fn=(110)
149 1
+1 1
-1 2
+1 1
-1 2
+1 1
-1 1
+1 2
-1 4
+1 1
-1 1
+1 2
+16 1
-16 1
+14 1
+1 1
+1 1
+6 3
+10 1
-10 1
+10 1
-36 5
+20 1
-2 1
+19 1
-17 1
+6 1
-6 1
-2 1
+2 1
-2 1
+1 1
+1 1
+6 3
+10 1
-10 1
+10 5
+19 1
-15 1
+18 1
338 3
186 2
338 1
201 2
+2 1
+1 1
338 4
208 1
+5 1
+4 2
-9 5
+5 5
+4 10
+2 2
+3 12
+10 4
-8 4
+7 4
-7 4
+8 4
+3 4
-5 4
+1 4
-7 4
+5 4
+6 28
+50 14
+1 12
-51 388
+1 194
+6 35
cfi=(19) /usr/src/debug////////glibc-2.12-2-gc4ccff1/string/../sysdeps/x86_64/strchr.S
cfn=(60) index
calls=7 26 
* 229
* 21
+5 35
-3 7
+3 7
cfi=(22)
cfn=(74)
calls=7 -87 
* 16999
+2 21
+15 7
+2 14
+5 4
+6 4
+2 4
-8 8
+5 4
-2 4
+1 4
+2 4
+4 24
-59 8
+13 2
466 12
+2 12
+2 12
cfi=(13)
cfn=(32)
calls=4 95 
* 116
* 4
+2 4
-2 4
+2 4
+4 16
-1 4
+2 4
-1 8
cfi=(14)
cfn=(38)
calls=4 56 
* 91
+1 16
cfi=(14)
cfn=(38)
calls=4 56 
* 91
+4 4
-1 4
+5 36
+2 6
+1 42
217 22
+1 5
-1 10
+2 28
488 3
+4 4
+1 2
+3 5
+11 4
cfi=(13)
cfn=(32)
calls=1 95 
* 29
* 1
+2 1
-2 1
+2 1
+5 2
+1 1
-1 1
+1 1
-1 1
+1 1
-1 1
+1 5
+8 5
+4 2
-10 3
+6 25
+4 10
-10 16
+13 2
+53 4
+43 1
-5 1
+6 2
-1 6
+1 3
cfi=(28)
cfn=(102)
calls=1 44 
* 19
* 1
+25 2
-25 1
+25 1
-25 1
+25 1
-21 2
+7 1
-6 2
+6 1
-7 8
+7 4
-6 8
+6 12
+2 16
+1 8
-1 24
+1 16
+3 39
-1 57
+23 10
-28 20
+31 19
+3 32
cfi=(28)
cfn=(102)
calls=4 44 
* 70
* 8
-45 8
+45 1
+7 2
+2 1
+1 1
-1 1
+9 2
+3 2
+3 8
288 360
619 8
cfi=(14)
cfn=(38)
calls=1 56 
* 47
+2 3

fl=(1) ???
fn=(0) 0x00000035fe000b00
0 2
cfi=(2)
cfn=(2)
calls=1 365 
0 331318
0 14
cfi=(42) /usr/src/debug/glibc-2.12-2-gc4ccff1/elf/dl-init.c
cfn=(184) _dl_init
calls=1 93 
0 2433
0 3
cob=(7)
cfi=(54)
cfn=(274)
calls=1 0 
0 38756559232

fl=(22)
fn=(74)
160 56
+9 8
+2 8
cfi=(2)
cfn=(76)
calls=8 796 
* 16
* 8
+1 8
+2 16
-2 8
+2 8
cfi=(23) /usr/src/debug////////glibc-2.12-2-gc4ccff1/setjmp/../sysdeps/x86_64/setjmp.S
cfn=(78) __sigsetjmp
calls=8 26 
* 152
+1 8
-1 8
+1 8
+2 16
+1 8
-1 8
+1 8
cfi=(29)
cfn=(112)
calls=7 62 
* 16600
cfi=(2)
cfn=(80)
calls=1 628 
* 2187
+1 24
+1 8
+1 8
-1 8
+2 8
-1 8
+1 8
+10 32

fn=(132)
198 10
+1 1
cfi=(2)
cfn=(76)
calls=1 796 
* 2
+5 1
-1 1
-4 1
+9 1
+2 1
-3 1
+3 1
cfi=(2)
cfn=(134)
calls=1 660 
* 6216
+2 1
+1 1
+1 8

fl=(27)
fn=(100)
82 28
+1 7

fn=(98)
82 65
+1 13

fn=(180) munmap
82 4
+1 1

fl=(55)
fn=(282)
30 14
+2 14
+1 14
+1 14
+1 14
+1 14
+1 14
+1 14
+1 14
+1 14
+1 14
cfi=(56) /usr/src/debug/glibc-2.12-2-gc4ccff1/elf/../elf/dl-runtime.c
cfn=(284) _dl_fixup
calls=14 +32 
* 20367
+1 14
+1 14
+1 14
+1 14
+1 14
+1 14
+1 14
+1 14
+1 14
+2 14

fl=(8)
fn=(14)
29 23
+1 23
+1 23
+1 23
+2 9
+1 9
+2 9
+1 9
-1 29
+1 29
+1 37
+1 37
+1 37
+2 44
+5 22
+1 22
+1 22
+1 22
+3 22
-6 6
+1 6
+1 6
+1 6
+3 6
+1 24
+1 24
+1 24
+2 24
+3 22
+1 22
+1 22
+1 22
+3 22
+1 21
+1 21
+1 21
+2 21
+3 16
+1 16
+1 16
+1 16
+3 16
+1 12
+1 12
+1 12
+2 12
+3 9
+1 9
+1 9
+1 9
+3 9
+1 7
+1 7
+1 7
+2 8
+3 1
+2 1
+1 1
-3 21
+2 21
+1 21
+1 13
+2 13
+1 13
+1 11
+2 11
+1 11
+1 6
+2 6
+1 6
+1 3
+2 3
+2 3
+1 3
+1 2
+2 2
+1 2
+1 1
+2 1
+1 1
+3 23
+1 23

fl=(42)
fn=(184)
93 11
+5 1
-4 1
+1 1
+3 2
+7 2
+27 2
+1 14
+1 6
-1 6
+1 12
-97 18
+9 5
-3 10
+3 15
+5 12
+5 6
+8 6
+6 18
cob=(2)
cfi=(12)
cfn=(252)
calls=1 -70 
* 29
cob=(2)
cfi=(12)
cfn=(232)
calls=1 -70 
* 29
cob=(3)
cfi=(44)
cfn=(210)
calls=1 -18 
* 2135
+4 3
+1 6
+65 8
-89 2
-5 4
-9 3
+9 1
-3 2
+3 3
+5 3
+5 2
+8 2
+6 7
cob=(2)
cfi=(12)
cfn=(186)
calls=1 -70 
* 40
* 1
+4 1
+1 2
+26 2

fl=(19)
fn=(60)
26 13
+1 13
+1 13
+1 13
+1 13
+1 13
+1 13
+1 13
+1 13
+1 13
+1 13
+1 13
+1 13
+1 13
+1 13
+1 13
+1 13
+1 13
+1 13
+1 13
+1 13
+2 13
+1 13
+1 13
+1 13
+1 13
+1 13
+1 13
+1 13
+1 13
+2 13
+1 13
+1 1
+1 1
+1 1
+1 1
+1 12
+1 13

fl=(28)
fn=(102)
44 15
+1 15
+1 15
+4 15
+1 15
+1 15
+1 15
+2 15
+1 15
+2 13
+5 13
+1 13
+1 13
+1 13
+1 13
326 1
+1 1
+1 1
+1 1
+1 1
+1 1
+1 1
+1 1
+1 1
+1 1
+1 1
+1 1
+1 1
+1 1
+1 1
-11 1
+1 1
+1 1
+1 1
+1 1
+1 1
+1 1
+1 1
+1 1
+1 1
+1 1
+1 1
-8 1
+1 1
+1 1
+1 1
+1 1
+1 1
+1 1
+1 1
+1 1
-3 2
+1 2
+1 2
+1 2
-2 3
+1 3
+1 3
-1 2
+1 2
+67 1
+1 1
+1 1
+1 1
+1 1
+1 1
+1 1
+1 1
+1 1
+1 1
+1 1
-2 2
+1 2
+1 2
-1 2
+1 2
+87 2
+1 2
+1 2
+1 2
+1 2
+1 2
+1 2
+5 2
+1 2
+1 2
+1 2
+1 2
+36 1
+1 1
+37 2
1214 2
+1 4
+4 2
+1 2
+1 4
+5 2
+2 2
+1 2
+1 2
+1 2
+1 2
+1 2
+1 2
+1 2
+1 2
+1 2
+1 2
+1 2
+1 2
+1 2
+1 2
+1 2
+2 2
+2 2
-21 8
+2 8
+1 8
+1 8
+1 8
+1 8
+1 8
+1 8
+1 8
+1 8
+1 8
+1 8
+1 8
+1 8
+1 8
+1 8
+1 8
+2 8
+2 8
+3 2
+1 2
+6 2
+1 2
+1 2
+1 2
+1 2

fl=(11)
fn=(24)
62 45
+2 5
-2 20
+2 5
cfi=(8)
cfn=(14)
calls=5 -35 
* 263
+6 5
-6 5
+7 10
+6 20
cfi=(13)
cfn=(28)
calls=5 +34 
* 251
* 5
+3 5
-3 5
+3 10
+4 5
+5 5
-6 5
+4 5
+2 5
-5 5
+3 5
+2 10
cfi=(14)
cfn=(38)
calls=5 -33 
* 147
+2 5
-2 5
+5 5
-1 5
-2 5
+3 20
+3 5
-3 5
+3 5
+9 5
-7 5
+4 5
+3 5
-46 5
+48 2
-2 2
+2 30
-2 30
+18 10
-6 5
+6 5
-5 5
+5 5
-6 5
+6 20
+2 16
+3 11
+4 12
+4 24
+8 1
+6 1
-3 2
+3 6
-3 8
+3 8
+2 8
cfi=(8)
cfn=(14)
calls=4 29 
* 211
* 4
+4 4
-4 4
+4 4
+64 4
+7 45
70 10
+1 40
+66 4
-39 10
223 6
-86 1
-4 1
+4 2
+24 8
cfi=(13)
cfn=(32)
calls=4 -66 
* 116
* 4
+1 4
-1 4
+1 12
+45 12
cfi=(14)
cfn=(58)
calls=4 56 
* 147
* 4
+6 132
-1 66
+1 70
-1 4
+1 4
+2 8
+3 8

fn=(40)
33 20
+2 5
-2 5
+2 5
cfi=(2)
cfn=(42)
calls=5 836 
* 10
+2 34
+3 56
+2 4
+2 4
+4 4
+4 4
-4 8
+1 8
+3 4
-2 4
+3 12
-1 4
cfi=(2)
cfn=(44)
calls=4 842 
* 8
-4 1
+4 1
-4 2
+1 2
+3 1
-2 1
+3 3
-1 1
cfi=(2)
cfn=(44)
calls=1 842 
* 2
-5 2

fl=(30) /usr/src/debug/glibc-2.12-2-gc4ccff1/io/../sysdeps/unix/sysv/linux/wordsize-64/xstat.c
fn=(116) _xstat
37 8
-1 8
+1 8
+1 48
+4 2
-4 24

fl=(34) /usr/src/debug/glibc-2.12-2-gc4ccff1/string/../string/memcmp.c
fn=(128) bcmp
322 2
+7 2
-7 10
+7 2
+34 4
+6 4
+1 4
-3 4
+2 56
+1 28
-3 14
-4 34
+13 14

fl=(32) /usr/src/debug////////glibc-2.12-2-gc4ccff1/string/../sysdeps/x86_64/strcpy.S
fn=(124) strcpy
32 3
+1 3
+1 3
+2 3
+2 1
+1 1
+3 1
+1 1
+1 1
+1 1
-3 1
+1 1
+1 1
+1 1
+1 2
+1 2
+1 2
+1 2
+3 3
+8 3
+1 3
+1 3
+1 3
+3 3
+1 3
+1 3
+1 3
+3 3
+2 3
+1 3
+3 3
+1 3
+1 3
+1 3
+3 3
+1 3
+1 3
+1 3
+3 3
+2 3
+1 3
+3 3
+1 3
+1 3
+1 3
+3 3
+1 3
+1 3
+1 3
+3 3
+2 1
+1 1
+3 1
+1 1
+1 1
+1 1
+3 1
+1 1
+1 1
+1 1
+3 1
+12 3
+1 3
+1 3
+13 3
+2 3

fl=(23)
fn=(78)
26 8
+2 8
+1 16
+1 8
+4 8
+1 8
+1 8
+1 8
+1 8
+2 16
+2 8
+1 8
+2 16
+2 8
+4 8
+1 8

fl=(31)
fn=(122) _dl_cache_libcmp
170 102
-29 68
+2 102
+20 102
+2 68
+4 34
+1 68
cfn=(123) _dl_cache_libcmp'2
calls=34 * 
* 2637

fn=(123)
170 468
-29 324
+2 468
+2 18
+6 12
+1 6
-1 6
+2 6
-1 12
+1 18
+1 4
-1 4
+2 5
+1 4
-1 24
+2 12
+6 450
+2 300
+4 122
+1 244
cfn=(123)
calls=122 * 
* 6919
+3 12
+1 6
-8 112

fn=(118) _dl_load_cache_lookup
186 27
+8 6
+3 9
+45 6
+6 9
+16 9
+12 3
-20 3
+8 3
+12 3
-12 3
+12 6
-20 3
+20 9
-20 3
+20 539
cfn=(122)
calls=28 170 
* 2426
* 148
-76 4
cfi=(24)
cfn=(120)
calls=1 44 
* 68
+8 2
+1 1
-1 2
+1 3
-1 13
+8 1
-3 1
+3 3
+3 1
+1 2
-1 1
+1 1
+2 2
-2 22
+56 84
cfn=(122)
calls=3 170 
* 322
* 18
cfn=(122)
calls=3 170 
* 433
* 117
+16 12
+4 6
+8 6
cfi=(8)
cfn=(14)
calls=3 29 
* 136
* 3
+1 3
-1 12
+1 6
cfi=(32)
cfn=(124)
calls=3 32 
* 152
+1 6
cfi=(33) /usr/src/debug/glibc-2.12-2-gc4ccff1/string/strdup.c
cfn=(126) strdup
calls=3 41 
* 348
+1 24

fn=(178)
316 1
+1 4
+2 2
cfi=(27)
cfn=(180)
calls=1 82 
* 5
+1 1
+2 2

fl=(10)
fn=(22)
31 3
+3 11
+2 114
+11 55
-13 166
+17 1
-15 18
+6 2
-3 2
+3 2
+2 2

fl=(33)
fn=(126)
41 12
+1 3
cfi=(8)
cfn=(14)
calls=3 -13 
* 117
* 3
+1 6
cfi=(13)
cfn=(32)
calls=3 +52 
* 87
* 3
+2 6
+3 6
+1 6
-1 3
+1 3
-1 3
cfi=(14)
cfn=(38)
calls=3 +8 
* 90

fl=(6)
fn=(10)
29 1
+3 4
+2 2
-2 1
+2 1
+7 2

fl=(25)
fn=(92) read
82 16
+1 4

fn=(106)
82 20
+1 5

fn=(90)
82 68
+1 17
+1 72

fn=(108)
82 4
+1 1
+1 6

fl=(4)
fn=(6)
873 18
+5 4
+3 8
+2 4
-1 4
+4 4
+4 8
-4 4
+1 8
+2 4
+1 4
+2 4
+2 12
-7 4
+7 8
+1 4
+3 6
+2 2
+2 2
+1 2
+1 2
+2 2
-4 2
+4 4

fn=(158) do_lookup_x
83 2016
+1 224
-6 224
+5 672
-5 2016
+12 224
231 224
+3 224
+39 224
-42 224
+3 224
99 224
-3 224
+1 224
+2 224
+3 224
-3 224
+3 224
-3 677
-3 677
+1 677
+2 677
+3 677
-3 677
+3 677
+4 1822
+4 1798
+4 1798
+7 2697
+4 899
+1 899
227 899
125 1798
+1 1798
227 899
+1 1798
+4 462
+3 462
-3 924
+3 1386
+1 462
+3 924
-1 924
+1 462
-1 924
+21 257
+24 1370
470 2055
+1 419
-1 1162
+4 2071
+4 1792
288 1660
+4 467
+13 214
+1 214
-1 214
+1 642
+1 214
471 475
cfi=(24)
cfn=(84)
calls=95 301 
* 4566
-1 475
263 1748
+6 4370
+4 10392
cfn=(162) check_match.12439
calls=1299 133 
* 44881
+1 6495
-3 6450
-2 5166
-27 1320
+1 440
+2 1519
+10 573
-7 2000
+2 410
+1 205
-1 205
+1 820
-1 615
+1 820
cfn=(162)
calls=205 133 
* 21688
+1 2134
fi=(39) /usr/src/debug/glibc-2.12-2-gc4ccff1/elf/../sysdeps/generic/dl-hash.h
30 224
+2 896
+3 224
-1 224
+1 672
+2 672
+1 896
+2 672
+1 896
+2 672
+1 896
+2 864
+1 12093
+3 15260
+1 7630
+13 3815
+1 11445
-18 216
fe=(4)
264 448

fn=(156)
724 672
485 224
724 1344
485 224
724 1120
485 1120
+1 448
-1 224
+1 672
-1 672
+1 9406
-1 4703
+1 14109
-1 14557
730 224
+9 224
-13 448
+1 448
+12 896
+6 2016
+8 20
-8 50
+2 3360
cfn=(158)
calls=224 83 
* 226071
+3 448
-5 224
+33 448
+23 642
+1 428
-1 856
+39 428
-3 428
+14 642
+3 642
1023 214
859 214
+1 214
+1 1792
-81 70
+17 20
+1 10
+54 2

fn=(162)
133 9024
+1 3008
+2 3008
+2 2466
-2 1644
+12 2466
+3 1644
+5 214
-1 214
+1 214
-1 214
+1 214
+2 220
+19 220
+1 550
+1 110
-1 220
+1 330
cfi=(15)
cfn=(46)
calls=110 -44 
* 9488
-1 220
+46 10528
-73 3220
cfi=(15)
cfn=(46)
calls=644 -16 
* 8157
* 1932
+64 1216
-9 208
+2 208
+1 208
-1 832
-72 3008
+79 1364

fl=(93)
fn=(612) _dl_sort_fini
34 9
+2 1
-2 3
+2 1
+5 1
+1 1
-1 2
+1 1
+1 1
-1 5
+1 3
cfi=(28)
cfn=(102)
calls=1 +1 
* 19
+15 4
+24 4
+38 4
+3 32
cfi=(28)
cfn=(102)
calls=4 -79 
* 70
* 8
-80 4
+4 4
+1 4
-1 4
+1 4
+4 12
-5 1
+1 1
-1 1
+1 1
+4 13
+6 5
+1 14
+2 16
+1 8
-1 24
+1 16
+3 39
-1 57
+31 30
+21 10
-57 20
+61 16
+3 1
+4 8

fn=(610)
133 11
+22 9
+3 2
cfi=(2)
cfn=(42)
calls=1 836 
* 2
+3 1
+3 2
+2 5
-2 2
+13 5
+16 4
+2 12
+4 12
+1 6
+5 6
-4 6
-2 6
-6 19
+19 4
cfn=(612)
calls=1 34 
* 482
+9 2
cfi=(2)
cfn=(44)
calls=1 842 
* 2
+4 6
+2 2
+2 3
-2 10
+2 15
+3 12
+3 18
+4 2
+7 10
+4 4
+2 3
+1 4
+1 4
cob=(3)
cfi=(49)
cfn=(700)
calls=1 19 
* 6
-1 4
+5 15
+1 12
cob=(2)
cfi=(12)
cfn=(680)
calls=1 0 
* 1696
cob=(2)
cfi=(12)
cfn=(660)
calls=1 0 
* 1696
cob=(2)
cfi=(12)
cfn=(630)
calls=1 0 
* 1360
cob=(2)
cfi=(12)
cfn=(614)
calls=1 0 
* 31
+5 30
-39 6
+55 6
-55 18
-70 2
+70 1
-70 1
285 6
+6 2
+7 8
-63 10
+4 8
-60 2
+3 8

fl=(14)
fn=(58)
56 39
+4 39
+3 39
+1 39
+2 17
+1 17
+2 17
+1 17
+5 17
+1 17
-1 22
+1 22
+2 16
+1 16
+2 16
+1 16
+5 16
+1 16
-1 23
+1 23
+2 13
+1 13
+2 13
+1 13
+5 13
+1 13
-1 26
+1 26
+2 15
+1 15
+2 15
+1 30
+5 15
+1 15
-1 24
+1 36
+5 12
+1 12
+1 12
+1 12
+2 12
+2 12
+1 12
+2 12
+6 39
+4 39
+12 1
+2 1
+1 1
+26 1
+1 1
+3 1
+1 1
+1 1
+5 1
+2 1
+1 1
+1 1
+1 1
+2 1
+1 1
+1 1
+1 1
+2 1
+1 1
+2 1
+2 1
+2 1
+1 1
+1 1
+1 1
+2 1
+1 1
+1 1
+1 1
+2 1
+1 1
+2 2
+5 1
+2 1

fn=(38)
56 22
+2 22
+2 22
+3 22
+1 22
+2 6
+1 6
+2 6
+1 6
+5 6
+1 6
-1 16
+1 16
+2 6
+1 6
+2 6
+1 12
+5 6
+1 6
-1 16
+1 16
+2 1
+1 1
+2 1
+1 1
+5 1
+1 1
-1 21
+1 21
+2 10
+1 10
+2 10
+1 10
+5 10
+1 10
-1 12
+1 24
+5 12
+1 12
+1 12
+1 12
+2 12
+2 12
+1 12
+2 12
+8 22
+8 4
+6 4
+2 4
+1 4
+3 1
+1 2
+5 1
+1 1
+2 1
+2 1
+1 1
+2 2
+9 1
+1 1
-1 3
+1 3
+3 4
+1 4
+1 4
+5 4
+2 4
+1 4
+1 4
+1 4
+2 4
+1 4
+1 4
+1 4
+2 4
+1 4
+2 4
+2 3
+2 3
+1 3
+1 3
+1 3
+2 3
+1 3
+1 3
+1 3
+2 3
+1 3
+2 6
+5 3
+6 3
+1 3
-7 1
+6 1
+1 1

fl=(9)
fn=(16)
35 3
+8 1
-8 1
+8 5
+4 2
+11 5

fl=(26)
fn=(96)
37 5
-1 5
+1 5
+1 30
+4 5

fl=(56)
fn=(284)
73 14
+6 28
-6 14
+6 14
-6 42
+6 14
+1 14
-4 14
+5 14
-2 14
-3 14
+4 14
+1 14
-1 56
+10 28
+4 42
+5 78
+1 39
+8 56
+7 28
+3 140
cfi=(4)
cfn=(156)
calls=14 724 
* 19254
* 14
+4 42
+4 56
+6 98
+8 14
+7 56
+4 42
fi=(7)
+85 14
fe=(56)
-81 84
-55 2

fl=(18)
fn=(54)
633 1
+15 2
-15 8
+15 3
cfi=(5)
cfn=(56)
calls=1 354 
* 328
+4 1
-4 1
+4 1
cfi=(13)
cfn=(32)
calls=1 95 
* 29
* 1
+2 1
-2 2
+2 1
+7 5
+4 4
cfi=(13)
cfn=(32)
calls=1 95 
* 29
* 1
* 1
+3 3
+29 1
-22 2
+22 3
-2 2
-21 1
+1 1
+22 3
-8 1
-4 1
-2 2
+11 1
-6 1
-3 1
+1 1
+3 1
+1 1
+4 1
-5 1
-4 1
-2 2
+11 1
-6 1
-3 1
+1 1
+3 1
+1 1
+4 27
+1 2
-1 6
+1 2
-1 24
+1 4
-1 12
+3 10
+7 1
+4 1
-5 1
+6 2
+4 3
+32 4
+8 3
cfi=(19)
cfn=(60)
calls=1 26 
* 34
* 2
+2 2
cfi=(8)
cfn=(14)
calls=1 29 
* 88
* 8
cfi=(14)
cfn=(38)
calls=1 56 
* 31
* 1
+17 6
+2 1
+1 2
+1 1
-4 3
+2 26
+1 52
+1 26
-4 79
+7 1
cfi=(13)
cfn=(32)
calls=1 95 
* 29
* 1
+2 1
-2 1
+2 1
+6 7
cfn=(62) fillin_rpath
calls=1 387 
* 997
+4 3
+6 1
+4 8
-72 1
-2 1
+2 2
+11 2

fn=(114) open_path
1835 24
+1 3
-1 15
+7 3
-7 3
+1 3
+6 6
+5 12
+52 6
-52 3
+52 3
-52 21
+75 9
-63 18
+7 24
cfi=(14)
cfn=(58)
calls=6 56 
* 174
+1 6
-1 6
+1 42
+20 16
-20 118
+3 48
+4 72
cfi=(14)
cfn=(58)
calls=12 56 
* 226
* 48
cfi=(14)
cfn=(58)
calls=12 56 
* 276
* 12
-1 12
+7 24
+3 84
cfn=(88) open_verify
calls=12 1581 
* 564
* 12
+2 36
+26 16
+2 12
+39 6
-41 6
+41 30
+7 6
-2 6
+2 30
-67 16
+1 48
+79 8
-80 16
+7 16
+3 8
-3 8
+3 24
cfi=(30)
cfn=(116)
calls=8 37 
* 98
-1 16
+1 4
-1 4
+3 12
+7 24
+65 27
-14 9
+10 6
-66 6

fn=(94) _dl_map_object_from_fd
836 48
+11 4
-11 4
+11 4
-11 4
+11 4
cfi=(20)
cfn=(66)
calls=4 52 
* 36
+4 12
-4 4
+4 4
cfi=(26)
cfn=(96)
calls=4 37 
* 40
* 8
+11 28
+1 12
-1 42
+1 56
+17 8
+25 8
+10 8
+22 20
+35 28
cfi=(11)
cfn=(24)
calls=4 62 
* 1850
+1 4
-1 4
+1 4
-54 4
+65 4
-65 4
+65 4
+1 4
+4 4
-4 4
+1 8
+2 16
+1 12
+1 8
+22 4
+8 4
-25 4
+17 4
+8 8
-8 16
+8 8
-8 4
+8 8
-8 4
+8 8
+99 8
-47 4
+47 12
-47 4
+47 12
-98 52
+6 12
+1 16
-8 240
+1 164
+70 3
+4 1
+1 2
+1 3
+4 2
+3 2
+7 2
-3 2
+6 1
cfi=(21)
cfn=(130)
calls=1 57 
* 6
* 3
+1 1
+58 6
+1 6
-5 8
+1 4
1038 40
+6 16
+1 8
-1 32
+7 24
+11 8
+1 8
-1 8
+1 8
-1 16
+1 8
+1 56
+2 24
+1 24
+1 24
+4 8
-4 8
+4 20
+5 36
+11 4
-11 36
+11 4
-56 6
+1 2
+67 4
+78 16
985 4
1191 8
985 4
1191 16
+2 4
-2 4
+2 4
+19 32
cfi=(27)
cfn=(98)
calls=4 82 
* 24
+4 4
-4 4
+4 8
+7 12
+1 4
+2 4
-2 4
+2 4
+10 8
+35 24
+3 8
+7 32
+6 4
+2 4
-2 4
+1 4
+2 8
-1 16
+8 8
+3 8
+11 32
cfi=(28)
cfn=(102)
calls=4 44 
* 332
+1 24
+5 8
+15 8
-73 40
+4 8
-2 8
+2 40
cfi=(27)
cfn=(98)
calls=4 82 
* 24
-2 8
+11 8
+2 4
-2 4
+2 4
+2 6
-2 6
+2 4
+1 2
-1 4
+1 8
-3 4
+5 8
+57 4
-77 4
+77 8
+9 4
fi=(3)
113 4
fe=(18)
1345 4
fi=(3)
113 4
+6 4
-2 4
+2 8
+7 4
+5 4
+3 4
+1 4
-3 4
-5 8
-1 112
+1 57
+10 19
-18 57
+18 9
-18 27
+2 186
+8 65
+8 65
-18 195
+25 12
+20 4
+1 4
+1 4
+1 4
+2 4
+5 4
+1 3
+1 3
+35 12
+5 1
+2 1
-2 2
+2 1
+2 2
+2 2
+1 1
+2 12
+2 4
+2 4
+1 1
+2 8
fe=(18)
1351 12
+16 12
+19 8
+2 20
+51 12
+1 2
+3 2
cfi=(25)
cfn=(106)
calls=1 82 
* 5
* 6
cfi=(25)
cfn=(106)
calls=3 82 
* 15
* 8
+8 8
+3 8
+2 4
-2 4
+2 4
+16 8
cfi=(4)
cfn=(6)
calls=4 873 
* 86
+4 16
+18 8
+4 4
+5 4
-5 4
+1 8
+4 4
+6 12
cfi=(11)
cfn=(40)
calls=4 33 
* 184
+5 4
-1 8
+20 36
1232 28
cfi=(27)
cfn=(100)
calls=4 82 
* 20
* 4
1495 2
1321 8
cfi=(27)
cfn=(98)
calls=1 82 
* 6
+3 2
fi=(3)
128 36
+3 36
+1 24
+2 12
+1 12
fe=(18)

fn=(86) expand_dynamic_string_token
317 8
+10 1
-10 1
+10 1
-10 1
+10 1
cfi=(19)
cfn=(60)
calls=1 26 
* 61
* 2
162 2
cfi=(8)
cfn=(14)
calls=1 29 
* 94
* 1
+1 2
cfi=(13)
cfn=(32)
calls=1 -68 
* 29
* 1
+2 2
+3 2
342 3
168 1
342 4
168 1
cfi=(14)
cfn=(38)
calls=1 56 
* 60

fn=(82)
1984 8
+11 8
-11 16
+11 8
-11 8
+11 8
-11 56
+11 8
-11 16
+11 16
+12 58
-12 87
+5 165
+3 99
cfi=(24)
cfn=(84)
calls=33 301 
* 1956
* 66
2269 72
2027 4
-1 8
+10 4
-1 8
+26 8
-2 4
+2 4
cfi=(19)
cfn=(60)
calls=4 26 
* 121
* 8
2198 2
+1 4
cfn=(86)
calls=1 317 
* 278
+2 1
-3 1
+3 1
+4 9
cfn=(88)
calls=1 1581 
* 162
+3 1
-3 1
+3 1
+11 12
+3 8
+44 4
+1 28
-1 4
+1 12
cfn=(94)
calls=4 836 
* 5945
* 8
2026 8
+39 6
cfi=(8)
cfn=(14)
calls=3 29 
* 159
* 3
+2 3
-2 3
+2 3
+7 12
+35 9
+1 45
cfn=(114)
calls=3 1835 
* 2391
+6 3
-6 3
+6 3
+76 6
-76 6
610 9
2123 12
+6 6
cfi=(31)
cfn=(118)
calls=3 186 
* 5030
+2 3
-2 3
+2 3
+4 9
+9 6
+28 27
cfn=(88)
calls=3 1581 
* 886
+3 3
-3 3
+3 3
+1 6
-93 3
-5 6
+5 3
+3 6
-3 3
+3 6
-3 3
+3 30
-3 9
610 9
2084 9
+14 15
+2 9
-2 6
610 9
2008 29
-1 58
+4 15
+2 15
-2 30
+2 45
cfi=(15)
cfn=(46)
calls=15 135 
* 315
* 45

fn=(62)
387 16
+4 3
cfi=(13)
cfn=(64)
calls=1 -66 
* 286
* 6
cfi=(13)
cfn=(64)
calls=2 -66 
* 244
* 9
+3 4
cfi=(8)
cfn=(14)
calls=2 29 
* 89
+4 2
-4 2
+4 2
+15 4
+29 21
+1 10
-38 8
+5 6
+51 6
+3 8
cfi=(13)
cfn=(32)
calls=2 95 
* 58
* 2
+3 2
-3 2
+3 2
+4 2
+2 6
-2 4
+2 2
cfi=(14)
cfn=(58)
calls=2 56 
* 58
* 2
+3 2
-2 4
+2 2
+1 1
+5 2
+1 1
-1 2
+1 2
-1 2
+1 1
-1 2
+1 26
+1 1
-1 3
+1 1
-1 20
-98 2
+98 3
+1 11
-1 6
+4 2
-1 4
+1 2
+7 4
+1 2
+3 6
+5 1
+3 9
-14 4
-9 3

fn=(88)
1581 192
+36 16
-36 32
+36 62
+21 80
cfi=(25)
cfn=(90)
calls=16 82 
* 152
+1 16
-1 16
+1 16
+11 12
-1 4
+1 16
cfi=(25)
cfn=(92)
calls=4 82 
* 20
* 8
+7 12
-7 4
+7 4
+16 50
+2 4
-2 56
+60 8
+5 8
+2 12
+6 8
+7 4
+1 4
+1 4
-2 16
+1 12
+16 16
+15 8
-15 168
+1 61
+4 15
+1 9
+14 21
+2 9
+5 2
+1 2
-13 69
+16 4
+6 2
-3 2
+1 2
+1 2
+1 4
+1 2
-1 4
-3 2
+1 2
+1 8
-2 2
+3 4
+14 144
-56 2
-92 12
cfi=(34)
cfn=(128)
calls=2 322 
* 178
* 8

fl=(15)
fn=(46)
135 1098
+1 1098
+1 1098
+1 428
+1 428
+1 428
+1 428
cfn=(47) strcmp'2
calls=428 -6 
* 15547
+5 670
+1 670
+1 670
+1 670

fn=(47)
135 2173
+1 2173
+1 2173
+1 1913
+1 1913
+1 1913
+1 1913
cfn=(47)
calls=1745 -6 
* 67580
+2 168
+1 168
+2 260
+1 260
+1 260
+1 260

ob=(4)
fl=(43)
fn=(204)
0 12

fn=(194)
0 16

fn=(632)
0 10
cob=(3)
cfi=(94)
cfn=(644)
calls=1 31 
0 62
cob=(1)
cfi=(55)
cfn=(282)
calls=1 30 
0 1256
0 5
0 9
cfn=(652) 0x0000000000000540
calls=1 0 
0 9
0 5

fn=(652)
0 9

fn=(188)
0 6

totals: 38756893002
