version: 1
creator: callgrind-3.9.0
pid: 19374
cmd:  ./um midmark.um
part: 1


desc: I1 cache: 
desc: D1 cache: 
desc: LL cache: 

desc: Timerange: Basic block 0 - 5398302993
desc: Trigger: Program termination

positions: line
events: Ir
summary: 41010033553


ob=(3) /lib64/libc-2.12.so
fl=(65) /usr/src/debug/glibc-2.12-2-gc4ccff1/malloc/hooks.c
fn=(340) malloc_hook_ini
36 1
-1 2
+1 1
+1 1
cfi=(66) /usr/src/debug/glibc-2.12-2-gc4ccff1/malloc/arena.c
cfn=(342) ptmalloc_init
calls=1 467 
* 59900
+1 1
+1 1
-1 1
cfi=(64) /usr/src/debug/glibc-2.12-2-gc4ccff1/malloc/malloc.c
cfn=(339) malloc'2
calls=1 3619 
* 1053

fn=(458) realloc_hook_ini
48 3
+1 1
-1 2
+1 1
+1 2
+1 1
cfi=(66)
cfn=(342)
calls=1 467 
* 16
+1 2
+1 3
-1 1
cfi=(64)
cfn=(457) realloc'2
calls=1 3753 
* 693

fl=(69) /usr/src/debug/glibc-2.12-2-gc4ccff1/nptl/../nptl/sysdeps/unix/sysv/linux/register-atfork.c
fn=(348) __linkin_atfork
117 1
+2 4
-1 3
+2 1

fl=(50) /usr/src/debug/glibc-2.12-2-gc4ccff1/string/../sysdeps/x86_64/cacheinfo.c
fn=(224) handle_intel
307 4
+9 2
-9 16
+8 2
+1 4
+8 4
+5 2
-5 4
+5 2
+7 10
cfn=(226) intel_check_word
calls=2 163 
* 1564
+1 4
+3 10
cfn=(226)
calls=2 163 
* 194
+1 4
-10 2
+1 2
-1 4
+27 16

fn=(226)
163 44
+1 8
+8 4
-2 32
+14 20
+53 16
+36 40
-1 8
+1 8
cfi=(51) /usr/src/debug/glibc-2.12-2-gc4ccff1/stdlib/bsearch.c
cfn=(228) bsearch
calls=8 27 
* 1350
+2 16
+22 8
172 16
+2 10
+2 20
-4 2
302 32
196 10
+5 15
-5 2
+11 10
+23 3
-34 15
+5 6
+4 8
+2 10
+8 2
+2 4
+2 28
-12 3
-6 1
-5 1
+9 2
+2 4

fn=(222) init_cacheinfo
538 4
+13 3
+7 2
747 5
560 3
cfn=(224)
calls=1 307 
* 900
+4 2
-4 1
+4 1
cfn=(224)
calls=1 307 
* 950
+2 1
-2 1
+2 2
+29 1
-18 1
+18 3
+7 6
+6 2
-6 12
+6 6
+3 20
+2 1
+6 6
+7 1
-7 1
+38 2
+75 2
+3 2
+1 1
+1 1
-1 2
+4 2
+3 2
+1 1
+1 1
-1 3
-86 7
-1 3
-31 8
+2 2
+2 8
+2 4
+5 1
+2 2
+1 1
-1 1
+1 4
+1 1

fn=(230) intel_02_known_compare
152 216
+3 108
+1 54

fl=(71) /usr/src/debug/glibc-2.12-2-gc4ccff1/misc/sbrk.c
fn=(356) sbrk
35 65
+8 88
+4 26
+4 48
+3 12
cfi=(72) /usr/src/debug/glibc-2.12-2-gc4ccff1/misc/../sysdeps/unix/sysv/linux/x86_64/brk.c
cfn=(358) brk
calls=12 -25 
* 144
-3 24
+7 78
-14 2
cfi=(72)
cfn=(358)
calls=1 -15 
* 12
* 4

fl=(70) /usr/src/debug/glibc-2.12-2-gc4ccff1/malloc/morecore.c
fn=(354) __default_morecore
48 13
+1 13
cfi=(71)
cfn=(356)
calls=13 -14 
* 503
+1 39
+3 26

fl=(41) /usr/src/debug/glibc-2.12-2-gc4ccff1/csu/../sysdeps/x86_64/multiarch/init-arch.c
fn=(166) __init_cpu_features
53 1
-8 1
+8 1
+3 1
-3 1
+3 3
+70 1
+1 1
+2 1
+1 2
-74 2
+9 1
-33 3
+6 1
-6 1
+6 1
-6 1
+7 1
+30 1
-30 1
-7 1
+37 1
-31 1
+27 2
-26 1
+30 1
+1 1
-38 1
+32 1
+6 1
+5 2
+3 1
+1 2
+11 2
+12 4
-23 9

fl=(75) /usr/src/debug////////glibc-2.12-2-gc4ccff1/io/../sysdeps/unix/syscall-template.S
fn=(370) open
82 2
cfn=(372) __open_nocancel
calls=1 * 
* 5

fn=(432) __read_nocancel
82 15

fn=(568) write
82 14
cfn=(570) __write_nocancel
calls=7 * 
* 35

fn=(372)
82 5

fn=(430) read
82 6
cfn=(432)
calls=3 * 
* 15

fn=(570)
82 35

fn=(594) __close_nocancel
82 5

fl=(40) /usr/src/debug////////glibc-2.12-2-gc4ccff1/string/../sysdeps/x86_64/multiarch/strcmp.S
fn=(168) strncasecmp
124 1
+1 1
+3 1
+1 1
+1 1
+5 1

fn=(164) strcasecmp
106 1
+1 1
+1 1
cfi=(41)
cfn=(166)
calls=1 -55 
* 57
+2 1
+1 1
+1 1
+5 1

fl=(67) /usr/src/debug/glibc-2.12-2-gc4ccff1/misc/../sysdeps/unix/sysv/linux/getpagesize.c
fn=(344) getpagesize
35 5
+16 1

fl=(88) /usr/src/debug////////glibc-2.12-2-gc4ccff1/string/../sysdeps/x86_64/memcpy.S
fn=(462) memcpy
56 24
+2 24
+2 24
+3 16
+1 16
+11 16
+1 16
+11 16
+1 16
+11 16
+1 16
+2 16
+1 16
+2 16
+1 16
+5 16
+1 16
+23 16
+8 16
+6 16
+2 16
+1 16
+26 16
+1 16
+3 2
+1 2
+1 2
+5 26
+2 26
+1 26
+1 26
+1 26
+2 26
+1 26
+1 26
+1 26
+2 26
+1 26
+2 26
+2 24
+2 24
+1 24
+1 24
+1 24
+2 24
+1 24
+1 24
+1 24
+2 24
+1 24
+2 24
+5 2
+6 2
+1 2
+19 14
+1 14
+1 14
+5 14
+1 14
+4 14
+1 14
+2 18310
+1 14
+6 14
+1 14
+1 14
+3 8
+6 8
+1 8
+2 8
+13 6
+1 6
+1 6
+3 6
+1 6
+1 6
+1 6
+2 6
+2 6
+2 6
+2 6
+3 6
+1 6
+69 2032
+2 2032
+1 2032
+1 2032
+1 2032
+1 2032
+1 2032
+1 2032
+1 2032
+2 2032
+1 2032
+2 2032
+1 2032
+1 2032
+1 2032
+1 2032
+1 2032
+1 2032
+1 2032
+2 2032
+1 2032
+2 2032
+2 2032
+2 2032
+1 2032
+1 2032
+1 2032
+1 2032
+1 2032
+1 2032
+1 2032
+2 2032
+1 2032
+2 2032
+1 2032
+1 2032
+1 2032
+1 2032
+1 2032
+1 2032
+1 2032
+2 2032
+1 2032
+2 2032
+3 6
+2 6
+2 6
+2 6
+6 6
+1 6
+1 6
+2 6
+6 6
+1 6

fl=(49) /usr/src/debug/glibc-2.12-2-gc4ccff1/elf/soinit.c
fn=(220) __libc_global_ctors
19 1
+7 1
-7 5
+1 1
cfi=(50)
cfn=(222)
calls=1 538 
* 1996
-1 3
+10 2

fn=(696) __libc_fini
19 1
+17 1
-17 2
+20 2

fl=(57) /usr/src/debug/glibc-2.12-2-gc4ccff1/csu/libc-start.c
fn=(288) (below main)
96 7
+10 1
-10 3
+10 3
+52 1
-52 1
+52 1
+1 4
cfi=(58) /usr/src/debug/glibc-2.12-2-gc4ccff1/stdlib/cxa_atexit.c
cfn=(290) __cxa_atexit
calls=1 57 
* 60
+22 4
+3 2
+1 5
cob=(7) /h/dzelin01/Desktop/comp40/hw7/comp40hw7/um
cfi=(54) ???
cfn=(294) __libc_csu_init
calls=1 0 
* 64
+4 4
+15 2
+9 2
cfi=(59) /usr/src/debug////////glibc-2.12-2-gc4ccff1/setjmp/../sysdeps/x86_64/bsd-_setjmp.S
cfn=(320) _setjmp
calls=1 34 
* 29
+1 2
+5 2
+1 2
+3 2
+3 5
cob=(7)
cfi=(62) /h/dzelin01/Desktop/comp40/hw7/comp40hw7/um.c
cfn=(326) main
calls=1 16 
* 41009692347
+32 2
cfi=(95) /usr/src/debug/glibc-2.12-2-gc4ccff1/stdlib/exit.c
cfn=(604) exit
calls=1 99 
* 5933
106 2

fl=(84) /usr/src/debug/glibc-2.12-2-gc4ccff1/io/../sysdeps/unix/sysv/linux/wordsize-64/fxstat.c
fn=(420) _fxstat
37 2
-1 2
+1 2
+1 12
+4 2

fl=(98) /usr/src/debug/glibc-2.12-2-gc4ccff1/nptl/../nptl/sysdeps/unix/sysv/linux/unregister-atfork.c
fn=(642) __unregister_atfork
37 3
-8 9
+11 6
+1 12
+5 3
-6 6
+82 6

fl=(48) /usr/src/debug////////glibc-2.12-2-gc4ccff1/string/../sysdeps/x86_64/strrchr.S
fn=(218) __GI_strrchr
26 1
+1 1
+1 1
+1 1
+1 1
+1 1
+1 1
+1 1
+1 1
+1 1
+1 1
+1 1
+1 1
+1 1
+1 1
+1 1
+1 1
+1 1
+1 1
+1 1
+1 1
+1 1
+1 1
+13 1
+1 1
+1 1
+1 1
+7 1
+1 1
+1 1
+1 1
+1 1
+1 1
+1 1

fl=(74) /usr/src/debug/glibc-2.12-2-gc4ccff1/libio/fileops.c
fn=(364) _IO_file_init@@GLIBC_2.2.5
147 3
+5 1
-1 1
-4 1
+4 1
+3 1
cfi=(73) /usr/src/debug/glibc-2.12-2-gc4ccff1/libio/genops.c
cfn=(366) _IO_link_in
calls=1 -50 
* 77
+1 1
+1 4

fn=(418) _IO_file_stat
1225 2
+2 6
cfi=(84)
cfn=(420)
calls=2 37 
* 20

fn=(702) _IO_file_setbuf@@GLIBC_2.2.5
445 2
+1 1
cfi=(73)
cfn=(704) _IO_default_setbuf
calls=1 562 
* 63
* 2
+4 1
-1 3
+2 3
+3 3

fn=(706) _IO_file_sync@@GLIBC_2.2.5
891 1
+5 1
-5 1
+5 3
+2 1
+1 2
+17 2
+4 2

fn=(368) _IO_file_fopen@@GLIBC_2.2.5
257 9
+11 2
415 7
270 3
+25 1
-10 1
+10 1
-10 1
+10 7
-7 2
+7 1
-25 4
+65 1
227 2
+4 3
cfi=(75)
cfn=(370)
calls=1 82 
* 7
* 1
+4 2
+3 1
-1 1
+1 2
+1 2
-1 1
+1 1
+7 2
cfi=(73)
cfn=(366)
calls=1 104 
* 11
+97 3
cfi=(76) /usr/src/debug/glibc-2.12-2-gc4ccff1/string/../string/strstr.c
cfn=(374) __GI_strstr
calls=1 53 
* 27
* 1
+1 3
-56 2

fn=(560) _IO_file_overflow@@GLIBC_2.2.5
829 905
+1 181
-1 181
+1 362
+7 1082
+35 362
+3 362
+3 181
+1 181
-1 362
+1 724
+5 181
+1 905
-45 2
+12 3
+9 2
+4 1
+4 1
-1 1
-5 1
+1 1
+4 1
-3 1
+1 1
+3 1
-3 2
+3 3
+1 3
+9 21
+3 7
-1 21
cfn=(564) _IO_do_write@@GLIBC_2.2.5
calls=7 493 
* 637
* 14
-39 2
cfi=(73)
cfn=(414) _IO_doallocbuf
calls=1 419 
* 101
+1 6

fn=(566) _IO_file_write@@GLIBC_2.2.5
1261 7
+2 7
-2 42
+2 7
-2 7
+2 14
+11 7
-11 14
+2 14
+3 28
cfi=(75)
cfn=(568)
calls=7 82 
* 49
+1 14
+9 21
+3 42
-6 21

fn=(412) _IO_file_underflow@@GLIBC_2.2.5
537 12
+8 9
+6 9
+3 6
+13 6
+20 6
cfi=(73)
cfn=(426) _IO_switch_to_get_mode
calls=3 188 
* 60
+6 3
+5 12
-5 6
+1 3
+1 9
+3 3
cfn=(428) _IO_file_read
calls=3 1200 
* 39
+2 6
+10 2
-3 2
+3 4
+2 4
+1 8
-11 1
+1 1
+10 1
-6 1
+6 3
-56 3
+5 2
cfi=(73)
cfn=(414)
calls=1 419 
* 90
* 2

fn=(598) _IO_file_finish@@GLIBC_2.2.5
205 1
+1 1
-1 1
+1 1
+6 2
+1 1
-1 1
cfi=(73)
cfn=(600) _IO_default_finish
calls=1 687 
* 24

fn=(428)
1200 3
+1 6
+2 3
+1 3
-1 3
cfi=(75)
cfn=(430)
calls=3 82 
* 21

fn=(564)
493 42
+1 7
-1 14
+1 14
+2 42
+11 21
+7 28
+8 35
cfn=(566)
calls=7 1261 
* 294
+1 7
-1 7
+1 14
+5 7
-2 7
+2 7
-2 21
+1 14
+1 7
-34 7
+34 7
-34 7
+29 14
+5 14

fn=(588) _IO_file_close_it@@GLIBC_2.2.5
162 1
+2 1
-2 2
+2 1
-2 1
+2 1
+3 5
+6 2
cfi=(73)
cfn=(590) _IO_unsave_markers
calls=1 1118 
* 5
+2 3
cfn=(592) _IO_file_close
calls=1 1252 
* 7
* 1
+4 3
+9 5
cfi=(73)
cfn=(424) _IO_setb
calls=1 404 
* 34
+1 2
+3 1
-3 1
+1 3
+2 1
cfi=(73)
cfn=(586) _IO_un_link
calls=1 64 
* 10
+5 1
-4 1
+1 1
+1 1
+2 1
+1 5

fn=(592)
1252 2
cfi=(75)
cfn=(594)
calls=1 82 
* 5

fl=(63) /usr/src/debug/glibc-2.12-2-gc4ccff1/libio/../libio/iofopen.c
fn=(334) __fopen_internal
68 7
+8 1
-8 1
+8 1
cfi=(64)
cfn=(338) malloc
calls=1 3619 
* 60976
* 1
+2 1
-2 1
+2 1
+3 1
+3 5
-3 1
+3 1
cfi=(73)
cfn=(360) _IO_no_init
calls=1 648 
* 57
+4 1
+1 1
-1 1
+1 1
cfi=(74)
cfn=(364)
calls=1 +58 
* 90
+4 5
cfi=(74)
cfn=(368)
calls=1 257 
* 112
* 2
+2 1
+5 5
-5 1
cfn=(378) __fopen_maybe_mmap
calls=1 -50 
* 4

fn=(332) fopen@@GLIBC_2.2.5
107 2
cfn=(334)
calls=1 -39 
* 61279

fn=(378)
45 1
-2 1
+2 1
+15 1

fl=(61) /usr/src/debug/glibc-2.12-2-gc4ccff1/setjmp/sigjmp.c
fn=(324) __sigjmp_save
30 1
-1 2
+1 2
+5 1
-5 1
+5 2

fl=(66)
fn=(342)
467 12
+8 6
631 14
476 1
-66 1
+2 1
+1 1
+1 1
+1 1
cfi=(67)
cfn=(344)
calls=1 35 
* 6
519 1
415 1
+96 1
-93 1
+1 1
+91 1
+1 1
+8 1
+8 2
+1 1
-3 1
+3 1
-1 1
+1 10
cfi=(69)
cfn=(348)
calls=1 117 
* 9
+11 2
+2 5
+16 2
382 114
+16 57
-18 174
622 2
+5 2
+1 2
+2 2
521 5
cfi=(68) /usr/src/debug/glibc-2.12-2-gc4ccff1/elf/dl-addr.c
cfn=(346) _dl_addr
calls=1 127 
* 59453
-2 2
+2 1
-2 2
382 14

fl=(82) /usr/src/debug/glibc-2.12-2-gc4ccff1/libio/getc.c
fn=(406) getc
37 120441
+3 120441
-3 120441
+3 1686174
+1 722637
fi=(86) /usr/src/debug/glibc-2.12-2-gc4ccff1/libio/libioP.h
968 240882
+1 1324851
fe=(82)
44 361323
-3 6
cfi=(73)
cfn=(408) __uflow
calls=3 368 
* 422
* 6

fl=(97) /usr/src/debug/glibc-2.12-2-gc4ccff1/stdlib/cxa_finalize.c
fn=(640) __cxa_finalize
31 6
+18 3
-18 3
+18 3
-18 15
+4 12
+4 18
-4 9
+32 12
+4 18
-4 9
+12 6
+3 3
-2 3
+2 18
-2 3
cfi=(98)
cfn=(642)
calls=3 -43 
* 45

fl=(59)
fn=(320)
34 1
+2 1
cfi=(60) /usr/src/debug////////glibc-2.12-2-gc4ccff1/setjmp/../sysdeps/x86_64/setjmp.S
cfn=(322) __sigsetjmp
calls=1 -10 
* 27

fl=(83) /usr/src/debug/glibc-2.12-2-gc4ccff1/libio/filedoalloc.c
fn=(416) _IO_file_doallocate
88 8
+15 12
cfi=(74)
cfn=(418)
calls=2 1225 
* 28
* 4
+2 8
+11 3
+1 6
+3 12
cfi=(85) /usr/src/debug////////glibc-2.12-2-gc4ccff1/misc/../sysdeps/unix/syscall-template.S
cfn=(422) mmap
calls=2 -38 
* 12
* 6
+1 8
cfi=(73)
cfn=(424)
calls=2 404 
* 34
* 2
+2 8
-13 1
fi=(100) /usr/src/debug/glibc-2.12-2-gc4ccff1/libio/../sysdeps/unix/sysv/linux/sys/sysmacros.h
-65 6
fe=(83)
+65 1
-2 2
+8 1
-3 1
+3 2

fl=(64)
fn=(460) _int_realloc
5257 128
+22 16
-22 16
+21 16
+1 16
-1 16
+1 16
-1 32
+21 16
+1 16
+1 32
-1 16
+1 32
+7 16
+83 16
-83 16
+8 32
+11 32
5494 112
5337 64
cfn=(350) _int_malloc
calls=16 4280 
* 1320936
* 16
+1 64
+3 16
+1 16
+5 32
+11 16
+1 16
+2 32
+3 32
+22 64
cfn=(464) _int_free
calls=16 4802 
* 1449
+5 32
-26 32
cfi=(88)
cfn=(462)
calls=16 56 
* 108918
* 16

fn=(464)
4802 38428623
+15 4269847
-15 4269847
+15 8539694
+6 25619082
+17 8539694
+13 8539694
+11 4269806
+1 4269806
-1 8539612
+1 4269806
-1 8539612
+29 12809418
+3 12809418
+1 8539612
+1 4269806
+4 4269806
-4 4269806
+10 29888642
+9 17079224
+2 4269806
+2 25618836
+2 8539612
5117 34158576
4952 82
+2 164
+19 123
+6 41
-10 41
+10 41
+8 123
+7 82
-1 41
+1 82
+7 123
+4 82
+1 1
+2 1
-1 1
+2 10
+3 82
+5 82
+1 79
+1 7
+10 7
+1 7
+1 14
-2 34
+1 34
+1 68
+7 41
-2 41
+1 41
+1 41
+2 19
+1 19
+2 19
+3 19
-2 19
+2 19
+1 19
-1 19
+31 38
-34 22
+3 22
-2 22
+2 22
+1 22
-1 22
+31 44
+1 8
+3 12
4963 200
+58 68
+62 20
+15 123
+2 100
+17 200
-38 4
cfn=(352) malloc_consolidate
calls=2 +59 
* 884043
* 2
-98 41
-2 41
+2 82
-2 82

fn=(338)
3619 14274975
+5 5709990
+1 5709990
+3 5709988
+33 22839952
+3 8564982
cfn=(350)
calls=2854994 4280 
* 167295273
+1 2854994
-1 2854994
+1 2854994
+21 11419976
+4 17129964
-64 1
+64 4
-64 1
cfi=(65)
cfn=(340)
calls=1 36 
* 60961

fn=(339)
3619 5
+5 2
+1 2
+3 2
+33 8
+3 3
cfn=(350)
calls=1 4280 
* 1018
+1 1
-1 1
+1 1
+21 4
+4 6

fn=(456) realloc
3753 153
+7 34
+1 34
+4 32
+4 32
+5 16
-2 16
+2 32
+6 96
+7 128
+3 32
+19 45
+9 90
+8 75
cfn=(460)
calls=15 5257 
* 1431718
* 15
+2 60
+4 45
+27 144
3568 1
+1 1
-1 1
+16 1
-3 4
+3 2
3796 2
3587 9
cfi=(85)
cfn=(466) mremap
calls=1 82 
* 6
+3 4
+2 1
+5 1
+3 1
-3 4
+3 1
+1 1
-1 1
+1 1
+1 2
3762 1
+97 7
-97 1
cfi=(65)
cfn=(458)
calls=1 48 
* 725

fn=(457)
3753 9
+7 2
+1 2
+4 2
+4 2
+5 1
-2 1
+2 2
+6 6
+7 8
+3 2
+19 3
+9 6
+8 5
cfn=(460)
calls=1 5257 
* 625
* 1
+2 4
+4 3
+27 9

fn=(352)
5138 56
+22 14
+1 18
+2 6
+17 6
+2 12
+3 12
+4 12
-4 108
+4 153
+25 34945
-1 34945
+1 404133
+4 57150
+4 57150
-3 57150
+1 57150
+2 57150
+1 30880
+1 30880
+3 30880
+1 30880
+1 30880
-2 30880
+3 30880
-3 30880
+12 30880
-3 30880
+3 30880
-12 26270
+1 26270
+1 26270
-2 26270
+3 26270
-3 26270
+12 26270
-3 26270
+3 26271
-3 1
+3 1
-41 57151
-3 57151
+3 114302
+1 57151
+1 114302
+2 114302
+1 5800
+2 5800
-1 5800
+2 60730
+3 114302
+3 114300
+4 44410
+26 228
-7 1
+1 1
-1 3
2481 3
+5 3
+5 1
+2 1
-2 1
+2 1
5248 56
2482 1
5134 2
2482 3
-2 2
+2 378
-2 253
+10 3

fn=(350)
4280 38428632
+30 34158784
+8 8539696
+1 12809418
+1 4269806
+2 4269806
+4 8539612
-6 4196393
+9 8392786
-9 4196393
+9 12589179
+1 4196393
-1 4196393
+1 8392786
+5 20981965
4715 4198229
-1 4198229
+1 8396458
+75 38428632
4363 146910
+1 73438
+1 73438
-1 73438
+1 73438
-1 73438
+1 146876
+2 220314
+1 246
+3 122
+1 244
+6 122
+1 122
+2 122
-4 122
+4 244
+23 136
+1 51
+1 12
cfn=(352)
calls=3 5138 
* 1298925
* 6
4764 3
-2 3
+2 6
-2 3
+2 9
-2 3
+2 30
4448 3
4764 15
4425 3
4764 9
4433 3
4764 3
4448 3
4764 6
4425 3
4764 73330
-2 73330
+2 146660
-2 73330
+2 219990
-2 73330
+2 733300
4448 73330
4764 366650
4425 73330
4764 219990
4433 73330
4764 73330
4448 73330
4764 146660
4425 73330
4764 2
4425 1
+69 1200
+1 1200
+1 6000
-1 1200
+1 1200
-1 1200
+1 2400
+45 1200
+4 1200
-3 1200
-1 1200
+7 1200
-5 1200
+1 1200
+1 1200
+3 1200
-7 30
+4 30
-3 30
-1 30
+7 30
-5 30
+1 30
+1 30
+3 30
4425 223692
+3 34432
-2 34432
+1 137728
+8 34432
+10 136780
+35 1837
-5 1837
+1 1837
+4 1837
+13 2460
+6 140
+1 2
+1 2
+3 4
-5 40
+1 5
+1 5
+3 10
-4 10
+1 10
+3 20
-5 255
+1 4
+1 4
+3 8
-5 63
+1 9
+1 9
+3 18
+34 120
-91 33311
-2 133206
+6 32595
+1 65190
+4 32595
-3 65190
+1 32595
+1 65190
+1 32595
+2 32131
+1 32131
+3 32131
+3 32131
-3 32131
+6 32131
-6 160655
+2 32131
-2 32131
+7 32131
-5 64262
+5 96393
-7 464
+3 464
-3 464
+6 464
-6 2320
+2 464
-2 464
+7 464
-5 928
+5 1392
+30 88
+58 120396
+71 40132
+4 40132
-4 40132
+2 40132
-1 40132
+3 40132
-2 40132
+2 40132
-1 40132
-2 40132
+3 40132
-1 40132
-2 80264
+8 199773
+2 468417
+2 468456
+2 160
+5 40
-5 80
+5 78
+1 38
+1 38
-2 76
+1 1470
+1 1470
-2 5164
+7 1152
+3 2304
+1 45
+1 45
+1 45
-2 135
+60 45
4499 75
4737 39025
+1 39025
-1 39025
+1 39025
+2 78050
+18 28
+1 5
cfn=(352)
calls=1 5138 
* 19087
+5 1
-3 4
+3 1
-3 1
4482 607
-1 607
+1 1214
+76 68
+3 51
4749 39011
+1 156096
4499 40
-95 6
4665 1107
+8 2214
-8 1107
+5 2214
+3 9126
+3 2214
+13 712
+1 1424
-6 712
+17 712
-6 712
+1 712
+2 712
-1 712
+4 712
+1 705
+1 1424
+2 30
+1 30
+2 30
+3 30
-3 180
+2 60
-2 30
+2 60
-2 682
+3 682
-3 4092
+2 1364
-2 682
+2 1364
4404 87
-78 8392786
4678 395
-1 395
+1 1185
4404 12
-35 4
cfn=(352)
calls=1 5138 
* 670
* 3
+35 16
2992 26
+13 13
-13 13
+13 16
+14 5
+7 2
+83 36
3422 36
+1 12
+8 48
+4 24
-2 12
+2 24
-1 12
+1 24
+1 12
-1 12
+1 12
+2 12
-3 24
+1 12
4785 39
-41 78022
-2 39011
+2 78022
-1 39011
+1 78022
+2 39011
-2 39011
+2 39011
-2 78022
+2 78022
3076 24
+95 12
+19 12
-19 12
+8 12
-8 48
+19 60
+8 12
-8 12
+8 12
+1 60
cfi=(70)
cfn=(354)
calls=12 48 
* 567
+2 12
-2 12
+2 36
+2 24
+1 24
4786 24
3249 24
+1 1
+1 2
3086 1
3257 1
-6 1
+6 1
-6 22
3086 11
3257 11
-6 11
+6 33
+1 55
-32 2
+34 7
+42 5
+19 1
+7 2
-4 1
+4 1
-4 1
+1 4
+3 2
cfi=(70)
cfn=(354)
calls=1 48 
* 27
+12 4
+5 2
+1 2
4786 1
3365 1
-1 1
+1 3
+1 1
+11 2
-84 2
3028 8
cfi=(85)
cfn=(422)
calls=1 82 
* 6
+2 3
+27 3
+5 5
+1 1
+2 1
+1 1
-1 1
+1 1
+1 1
+9 2

fn=(392) calloc
4050 1414837
-13 1414837
+13 1414837
-3 1414837
+3 1414837
-13 8489022
+10 1414837
+3 2829674
+8 2829674
+1 2829674
+15 14148370
+7 1414837
+8 1414837
-7 2829674
+7 2829674
+7 4244511
cfn=(350)
calls=1414837 4280 
* 82560501
+6 1414837
-6 1414837
+6 1414837
+21 5659348
+5 1414837
-4 1414837
+4 2829674
+47 12733533
-36 1414837
-3 1414837
+3 5659348
+10 1414837
+1 2829674
+3 2829674
+7 1241092
-3 1241092
+1 1241092
+1 1241092
+1 1241092
+3 60708
-2 60708
+1 60708
+1 60708
+3 44808
-2 44808
+1 44808
+1 44808
+1 42512
+1 85024
-29 24723
+15 521235
cfi=(90) /usr/src/debug////////glibc-2.12-2-gc4ccff1/string/../sysdeps/x86_64/memset.S
cfn=(472) __GI_memset
calls=173745 44 
* 4697920
* 173745

fn=(490) free
3702 8539664
+1 8539664
+5 8539664
+6 4269832
-3 4269832
+3 8539664
+15 12809493
+2 8539662
cfn=(464)
calls=4269831 4802 
* 295503244
-14 7
+4 2
+1 1
-1 1
+1 2
3535 3
+1 1
+6 6
+10 1
-3 1
+1 1
+2 1
cfi=(85)
cfn=(498) munmap
calls=1 82 
* 5

fl=(60)
fn=(322)
26 1
+2 1
+1 2
+1 1
+4 1
+1 1
+1 1
+1 1
+1 1
+2 2
+2 1
+1 1
+2 2
+2 1
+9 1
cfi=(61)
cfn=(324)
calls=1 -26 
* 9

fl=(94) /usr/src/debug/glibc-2.12-2-gc4ccff1/libio/iofclose.c
fn=(584) fclose@@GLIBC_2.2.5
43 3
+14 1
-14 1
+14 2
+3 16
+1 2
fi=(86)
968 2
+1 6
fe=(94)
66 4
cfi=(74)
cfn=(598)
calls=1 205 
* 32
+1 3
+18 6
+2 1
+1 2
cfi=(64)
cfn=(490)
calls=1 3702 
* 128
* 1
+4 5
-10 2
-20 2
cfi=(74)
cfn=(588)
calls=1 162 
* 100
* 3
-4 1
cfi=(73)
cfn=(586)
calls=1 +6 
* 80
* 2
fi=(86)
969 6
fe=(94)

fl=(51)
fn=(228)
27 104
+7 162
+2 54
+2 54
-2 54
+1 216
+1 108
cfi=(50)
cfn=(230)
calls=54 152 
* 378
+1 108
+2 8
+1 8
-8 24
+14 72

fl=(95)
fn=(604)
99 5
-57 3
+36 3
-32 1
+32 1
-32 1
+32 3
-32 1
+32 1
-32 1
+3 2
+1 5
+33 1
+1 1
-1 1
+1 1
+7 6
cfi=(73)
cfn=(698) _IO_cleanup
calls=1 1007 
* 256
* 3
+2 2
cfi=(99) /usr/src/debug/glibc-2.12-2-gc4ccff1/posix/../sysdeps/unix/sysv/linux/_exit.c
cfn=(708) _Exit
calls=1 -64 
* 5
-19 1
+4 1
-4 2
+4 1
-2 2
+2 1
cob=(1) /lib64/ld-2.12.so
cfi=(96) /usr/src/debug/glibc-2.12-2-gc4ccff1/elf/dl-fini.c
cfn=(606) _dl_fini
calls=1 +55 
* 5621
* 1

fl=(99)
fn=(708)
29 2
+4 1
+2 2

fl=(44) /usr/src/debug/glibc-2.12-2-gc4ccff1/csu/../sysdeps/unix/sysv/linux/init-first.c
fn=(210) _init
52 6
+6 1
-6 2
+6 2
+17 1
fi=(46) /usr/src/debug/glibc-2.12-2-gc4ccff1/csu/../sysdeps/unix/sysv/linux/x86_64/init-first.c
-40 2
fe=(44)
+38 1
+1 1
fi=(46)
-41 2
fe=(44)
+42 1
fi=(46)
-42 3
+2 1
cfi=(45) /usr/src/debug/glibc-2.12-2-gc4ccff1/elf/../sysdeps/unix/sysv/linux/dl-vdso.c
cfn=(212) _dl_vdso_vsym
calls=1 -8 
* 8
+8 1
-5 2
+5 1
-5 1
+2 2
+1 1
+2 1
cfi=(45)
cfn=(212)
calls=1 -16 
* 8
fe=(44)
+46 3
fi=(46)
-45 2
+1 1
fe=(44)
+44 1
cfi=(47) /usr/src/debug/glibc-2.12-2-gc4ccff1/misc/init-misc.c
cfn=(216) __init_misc
calls=1 -58 
* 58
+8 1
cfi=(49)
cfn=(220)
calls=1 -78 
* 2009
+2 6
-32 1
-9 1
+9 4

fl=(47)
fn=(216)
31 3
+1 1
-1 1
+1 4
+2 3
cfi=(48)
cfn=(218)
calls=1 -8 
* 34
+1 2
+3 3
+1 3
+2 4

fl=(58)
fn=(292) __new_exitfn
73 1
+6 1
-6 1
+6 5
+2 5
+2 3
-2 1
+10 1
-10 3
+45 1
+1 1
+3 4
+3 3
-35 2
+14 1
+1 2

fn=(290)
57 2
-22 1
+22 5
-22 1
cfn=(292)
calls=1 +38 
* 35
+2 3
+4 2
+3 1
-1 1
+2 1
+2 2
+12 6

fl=(85)
fn=(498)
82 8
+1 2

fn=(422)
82 15
+1 3

fn=(466)
82 5
+1 1

fl=(76)
fn=(374)
53 9
+10 3
+2 2
fi=(77) /usr/src/debug/glibc-2.12-2-gc4ccff1/string/../string/str-two-way.h
273 1
fe=(76)
89 9
-26 3

fl=(45)
fn=(212)
27 2
+1 4
+4 4
+14 2
+4 4

fl=(72)
fn=(358)
29 13
+3 78
+2 39
+7 26

fl=(73)
fn=(360)
648 9
+1 1
cfn=(362) _IO_old_init
calls=1 -13 
* 24
+3 1
-2 1
+2 1
+2 1
+1 1
+1 1
+1 1
+1 1
+1 1
+1 1
+1 1
+1 1
+1 1
+1 1
+1 1
+2 1
+3 1
+1 6

fn=(362)
636 1
-21 1
+1 1
-1 1
+2 1
+1 1
+1 1
+17 1
-16 1
+1 1
+1 1
+1 1
+1 1
+1 1
+2 1
+1 1
+1 1
+1 1
+1 1
+5 1
+1 4

fn=(414)
419 2
+1 2
-1 2
+1 2
+6 4
-4 4
+1 6
cfi=(83)
cfn=(416)
calls=2 88 
* 165
* 4

fn=(408)
368 3
+2 3
-2 3
+2 7
+6 9
+3 12
+2 9
+6 6
+5 6
+2 6
+1 3
-1 6
cfn=(410) _IO_default_uflow
calls=3 +46 
* 345
-24 4

fn=(410)
440 3
-1 6
+1 3
cfi=(74)
cfn=(412)
calls=3 +97 
* 313
+1 6
+2 8
+1 6

fn=(590)
1118 2
+19 2
+1 1

fn=(426)
188 6
-1 6
+1 3
+3 9
+5 3
-1 6
+1 3
+7 3
-4 3
+2 9
+2 3
+2 6

fn=(558) __overflow
246 543
+1 1
+1 3
cfi=(74)
cfn=(560)
calls=1 829 
* 162
* 540
cfi=(74)
cfn=(560)
calls=180 829 
* 6640

fn=(698)
1007 1
+3 1
-3 4
+3 1
cfn=(700) _IO_flush_all_lockp
calls=1 823 
* 77
-59 1
+59 1
-59 2
+11 2
-9 12
+1 2
-1 7
+9 13
+7 5
+10 5
cfi=(74)
cfn=(702)
calls=1 445 
* 78
+2 2
+6 3
-36 9
+71 7
-51 1
+4 1
-4 1
+2 1
+2 1
-2 1
+3 1
-2 1
+2 3
+6 12

fn=(424)
404 16
+1 4
-1 4
+1 12
+4 4
-2 4
+1 4
+1 4
+3 2
+1 8
-3 2
+3 8
-7 7
cfi=(85)
cfn=(498)
calls=1 82 
* 5
* 3

fn=(586)
64 12
+1 6
+4 6
+1 11
+1 1
+1 15
+2 3
+2 2
+14 1
+2 8
+2 1
-1 1
+1 9
+1 2
+3 12
-6 6
-14 1
+2 1
-2 2

fn=(700)
823 2
+6 1
-6 6
+6 2
+6 1
-1 1
+2 2
-2 1
+2 3
+33 2
+4 9
-37 8
+6 2
-4 2
+4 5
-4 1
+4 2
+14 3
-2 3
+2 3
+7 6
-21 12

fn=(600)
687 2
+2 3
+6 3
+3 3
+6 1
+6 1
-6 1
cfn=(586)
calls=1 64 
* 10

fn=(704)
562 5
+1 1
-1 2
+1 1
cfi=(74)
cfn=(706)
calls=1 891 
* 13
* 2
+2 2
+2 1
+1 5
cfn=(424)
calls=1 404 
* 19
+7 3
+1 3
+2 6

fn=(366)
104 8
+1 6
+4 1
-2 2
+2 5
+1 11
+1 1
+1 15
+4 1
+2 1
-4 1
+1 1
-1 1
+4 7
+2 1
-1 1
+1 9
+1 2
+3 8
-6 6

fl=(90)
fn=(472)
44 173745
+1 173745
+1 173745
+4 173745
+1 173745
+1 173745
+1 173745
+2 173745
+1 173745
+2 173722
+5 173722
+1 173722
+1 173722
+1 173722
+1 173722
327 7
+1 7
+1 7
+1 7
+1 7
+1 7
+1 7
+1 7
+1 7
+1 7
+1 7
+1 7
+1 7
+1 7
-11 173715
+1 173715
+1 173715
+1 173715
+1 173715
+1 173715
+1 173715
+1 173715
+1 173715
+1 173715
+1 173715
+1 173715
504 23
+1 23
+1 23
+1 23
+1 23
+1 23
+1 23
+5 23
+1 23
+1 23
+1 23
+1 23
+85 23
+1 23
+2 23
+1 23
+2 13
+5 13
+1 13
+1 13
+1 13
+1 13
741 13
+1 13
+1 13
+1 13
+1 13
+1 13
+1 13
+1 13
+1 13
+1 13
+1 13
-5 2
+1 2
+1 2
+1 2
+1 2
+1 2
-2 8
+1 8
+1 8
866 10
+1 10
+1 20
+4 10
+1 10
+1 10
+1 10
+1 10
+1 10
+1 10
+1 10
+1 10
+1 10
+2 10
+1 10
-12 530
+1 530
+1 530
+1 530
+1 530
+1 530
+1 530
+1 530
+1 530
+1 530
+2 530
+1 530
+1 10
+5 10
+1 10
+1 10
+1 10
+1 10

fl=(68)
fn=(346)
127 9
+5 1
-5 2
+5 2
cob=(1)
cfi=(2) /usr/src/debug/glibc-2.12-2-gc4ccff1/elf/rtld.c
cfn=(42) rtld_lock_default_lock_recursive
calls=1 836 
* 2
+3 5
+1 4
+1 18
31 2
+1 2
+3 3
+5 1
+6 1
-6 1
+1 3
+2 3
+3 1
+5 3
+74 1
-74 1
+74 4
-72 1
+19 1
-18 2
-1 1010
+19 1010
-18 2020
+2 3600
+14 1257
+2 3771
-10 2514
+1 1257
-1 4314
+1 900
-1 1800
+2 4314
-2 4314
+3 6462
-3 5538
+3 615
-3 1278
+3 16
-3 32
+3 599
-3 3355
+10 5325
-21 4042
+85 12
-36 2
+1 2
+1 2
+3 2
+41 2
cob=(1)
cfi=(2)
cfn=(44) rtld_lock_default_unlock_recursive
calls=1 842 
* 2
+3 9
-32 1
+1 3

fl=(93) /usr/src/debug/glibc-2.12-2-gc4ccff1/libio/putchar.c
fn=(556) putchar
29 181
-2 362
+2 3077
+1 543
fi=(86)
968 362
+1 1991
fe=(93)
33 543
-3 543
cfi=(73)
cfn=(558)
calls=181 246 
* 7889
* 362

ob=(7)
fl=(80) /usr/sup/src/cii40/src/mem.c
fn=(394) Mem_alloc
8 22599064
+3 8474649
cob=(3)
cfi=(64)
cfn=(338)
calls=2824883 3619 
* 261608202
cob=(1)
cfi=(55) /usr/src/debug////////glibc-2.12-2-gc4ccff1/elf/../sysdeps/x86_64/dl-trampoline.S
cfn=(282) _dl_runtime_resolve
calls=1 +19 
* 1458
* 2824887
* 2824883
+1 5649766
+7 2824883
+1 5649766

fn=(386) Mem_calloc
22 15563207
+4 7074185
cob=(3)
cfi=(64)
cfn=(392)
calls=1414837 4050 
* 190942100
cob=(1)
cfi=(55)
cfn=(282)
calls=1 +4 
* 1497
* 1414841
* 1414837
+1 2829674
+7 1414837
+1 2829674

fn=(496) Mem_free
36 25438320
+1 8479440
+1 12719160
cob=(3)
cfi=(64)
cfn=(490)
calls=4239720 3702 
* 357021299
* 4239720
+1 8479440

fn=(450) Mem_resize
41 187
+3 85
cob=(3)
cfi=(64)
cfn=(456)
calls=17 3753 
* 1433575
cob=(1)
cfi=(55)
cfn=(282)
calls=1 -14 
* 1338
* 21
* 17
+1 34
+7 17
+1 34

fl=(91) /usr/sup/src/cii40/src/stack.c
fn=(476) Stack_new
14 3
+2 4
cfi=(80)
cfn=(394)
calls=1 -8 
* 210
* 1
+1 2
+1 2
+1 1
+1 2

fn=(548) Stack_pop
34 8362716
+4 2787572
-4 2787572
+5 4181358
+1 5575144
+1 6968930
+1 4181358
+1 6968930
cfi=(80)
cfn=(496)
calls=1393786 -7 
* 136591028
* 1393786
+1 1393786
+1 2787572

fn=(578) Stack_free
46 6
+2 4
-2 1
+3 5
+1 48777
+1 81295
cfi=(80)
cfn=(496)
calls=16259 -15 
* 1593382
* 16259
-2 65038
+4 6
cfi=(80)
cfn=(496)
calls=1 -17 
* 98
* 2
+1 2

fn=(526) Stack_empty
21 8489004
+2 7074170
+1 2829668

fn=(544) Stack_push
25 9870315
+3 5640180
cfi=(80)
cfn=(394)
calls=1410045 -20 
* 155104950
* 1410045
+1 4230135
+1 5640180
+1 4230135
+1 7050225
+1 2820090

fl=(87) /h/dzelin01/Desktop/comp40/hw7/comp40hw7/bitpack.c
fn=(440) shift_rightu
151 1847815608
+1 923907804
+1 1847815608
+1 615938536

fn=(438) Bitpack_fitsu
28 481760
+1 843080
+1 120440
+2 722640
+1 240880
+3 240880

fn=(436) Bitpack_newu
90 843080
+1 602200
cfn=(438)
calls=120440 -63 
* 2649680
* 120440
+3 481760
+3 120440
+1 1204400
cfn=(440)
calls=120440 +53 
* 2047480
* 120440
+1 963520
cfn=(442) shift_left
calls=120440 +42 
* 2047480
* 120440
+2 120440
+1 240880
+1 1204400
cfn=(442)
calls=120440 +38 
* 2047480
* 240880
+1 1445280
cfn=(440)
calls=120440 +47 
* 2047480
* 240880
+1 240880
+2 120440
+2 240880

fn=(506) Bitpack_getu
56 1846370328
+1 615456776
+5 4000469044
cfn=(442)
calls=307728388 +79 
* 5231382596
* 615456776
+1 3077283880
cfn=(440)
calls=307728388 +88 
* 5231382596
* 615456776
+2 307728388
+1 615456776

fn=(442)
141 1847815608
+1 923907804
+1 1847815608
+1 615938536

fl=(78) /h/dzelin01/Desktop/comp40/hw7/comp40hw7/emulator.c
fn=(504) decode
101 510423132
+5 425352610
cfi=(87)
cfn=(506)
calls=85070522 -50 
* 6125077584
* 85070522
+1 170141044
+1 262584110
cfi=(87)
cfn=(506)
calls=52516822 -52 
* 3781211184
* 52516822
+1 262584110
cfi=(87)
cfn=(506)
calls=52516822 -53 
* 3781211184
* 52516822
+1 262584110
cfi=(87)
cfn=(506)
calls=52516822 -54 
* 3781211184
* 105033644
+2 162768500
cfi=(87)
cfn=(506)
calls=32553700 -56 
* 2343866400
* 32553700
+1 162768500
cfi=(87)
cfn=(506)
calls=32553700 -57 
* 2343866400
* 32553700
+4 425352610
+2 16478514
cfi=(92) /h/dzelin01/Desktop/comp40/hw7/comp40hw7/instructions.c
cfn=(520) CMOV
calls=2746419 16 
* 73489464
+1 2746419
+2 155690432
cfi=(92)
cfn=(514) SLOAD
calls=19461304 -96 
* 2276972568
+1 19461304
+2 129605984
cfi=(92)
cfn=(512) SSTORE
calls=16200748 -91 
* 1863086020
+1 16200748
+2 18846240
cfi=(92)
cfn=(518) ADD
calls=3141040 -86 
* 84808080
+1 3141040
+2 629490
cfi=(92)
cfn=(530) MULT
calls=104915 -81 
* 2832705
+1 104915
+2 1022016
cfi=(92)
cfn=(536) DIV
calls=170336 -75 
* 5110080
+1 170336
+2 25775340
cfi=(92)
cfn=(516) NAND
calls=4295890 -70 
* 120284920
+1 4295890
+2 3
cfi=(92)
cfn=(572) HALT
calls=1 -65 
* 4886241
+1 2
+3 8489004
cfi=(92)
cfn=(522) MAP
calls=1414834 -61 
* 856330803
+1 1414834
+2 8460270
cfi=(92)
cfn=(538) UNMAP
calls=1410045 -56 
* 716302980
+1 1410045
+2 905
cfi=(92)
cfn=(550) OUTPUT
calls=181 -50 
* 23291
+1 181
+5 21426654
cfi=(92)
cfn=(510) LOADP
calls=3571109 -38 
* 82135507
* 3571109
+3 195322200
cfi=(92)
cfn=(508) LOADV
calls=32553700 -29 
* 455751800
+1 32553700
+3 32553700
+1 65107400
-1 48945712
+1 105033644

fn=(500) fetch
78 5
+1 1
+3 5
cfi=(89) /h/dzelin01/Desktop/comp40/hw7/comp40hw7/memory.c
cfn=(502) word_load
calls=1 -27 
* 82
* 425352605
cfi=(89)
cfn=(502)
calls=85070521 -27 
* 6975782722
* 510423132
cfn=(504)
calls=85070522 +19 
* 32621720362
* 85070522
+2 170141044
+1 81499412
+8 81499412
-6 7142220
+1 1
+4 7142218
+1 3571109
+1 2

fn=(380) emulate
24 4
+1 1
+1 4
+1 5
cfn=(382) boot
calls=1 +10 
* 40282850
* 1
+1 5
cfn=(500)
calls=1 +50 
* 40969344854
+1 2

fn=(382)
37 5
+1 1
+1 2
cfi=(79) /usr/sup/src/cii40/src/seq.c
cfn=(384) Seq_new
calls=1 -13 
* 3479
* 1
+6 3
cob=(3)
cfi=(82)
cfn=(406)
calls=1 -8 
* 247
cob=(1)
cfi=(55)
cfn=(282)
calls=1 -15 
* 1381
* 5
* 90330
cob=(3)
cfi=(82)
cfn=(406)
calls=30110 -8 
* 1174507
* 30110
* 30111
+1 60223
+13 3
cfi=(89)
cfn=(468) memory_new
calls=1 -37 
* 7971
* 1
+3 2
-14 210770
cfi=(87)
cfn=(436)
calls=30110 +42 
* 4877820
* 30110
+1 90330
cob=(3)
cfi=(82)
cfn=(406)
calls=30110 -12 
* 1174290
* 30110
* 210770
cfi=(87)
cfn=(436)
calls=30110 +41 
* 4877820
* 30110
+1 90330
cob=(3)
cfi=(82)
cfn=(406)
calls=30110 -13 
* 1174290
* 30110
* 210770
cfi=(87)
cfn=(436)
calls=30110 +40 
* 4877820
* 30110
+1 90330
cob=(3)
cfi=(82)
cfn=(406)
calls=30110 -14 
* 1174290
* 30110
* 210770
cfi=(87)
cfn=(436)
calls=30110 +39 
* 4877820
* 30110
+1 60220
cob=(3)
cfi=(64)
cfn=(338)
calls=30110 3619 
* 5611669
* 30110
* 30110
+1 120440
+2 150550
cfi=(79)
cfn=(444) Seq_addhi
calls=30110 +34 
* 1324512
+1 30110
+1 30110
+6 90330
cfi=(79)
cfn=(478) Seq_remlo
calls=30110 +15 
* 1505500
* 30110
+1 180660
cfi=(89)
cfn=(480) word_store
calls=30110 +1 
* 2559350
+1 90330
cob=(3)
cfi=(64)
cfn=(490)
calls=30110 3702 
* 2529240
cob=(1)
cfi=(55)
cfn=(282)
calls=1 -35 
* 1363
* 30114
-3 120443
+6 3
cfi=(79)
cfn=(492) Seq_free
calls=1 -23 
* 201
+1 1
+1 2

fl=(81) /usr/sup/src/cii40/src/uarray.c
fn=(484) UArray_at
34 1086864156
+2 483050736
-2 120762684
+3 845338788
+1 241525368

fn=(494) UArray_free
29 8489022
+1 5659348
-1 1414837
+2 9903859
cfi=(80)
cfn=(496)
calls=1414837 +5 
* 139538845
* 4244511
+1 8489022
cfi=(80)
cfn=(496)
calls=1414837 +4 
* 138654026
* 2829674
+1 2829674

fn=(448) UArray_resize
47 170
+3 34
+2 68
+3 187
cfi=(80)
cfn=(450)
calls=17 -14 
* 1435308
* 51
+1 51
+1 68

fn=(470) UArray_new
9 8489010
+2 5659340
cfi=(80)
cfn=(394)
calls=1414835 -3 
* 157350544
* 1414835
+1 2829670
+1 12733515
cfi=(80)
cfn=(386)
calls=1414835 +9 
* 223482839
* 9903845
cfn=(400) UArrayRep_init
calls=1414835 +5 
* 41030215
* 1414835
+3 1414835
+1 5659340

fn=(400)
18 15563207
+2 2829674
-2 2829674
+4 4244511
+1 4244511
+1 2829674
+1 5659348
+3 2829674

fl=(54)
fn=(294)
0 15
cob=(2) ???
cfi=(12) ???
cfn=(296) 0x0000000000400960
calls=1 0 
0 39
0 10

fn=(304) 0x0000000000400bc0
0 15

fn=(314) 0x00000000004030f0
0 12

fn=(618) 0x0000000000400ae0
0 8

fn=(612) 0x0000000000400b50
0 14
cfn=(618)
calls=1 0 
0 8
0 5

fn=(274) 0x0000000000400a90
0 11
cob=(3)
cfi=(57)
cfn=(288)
calls=1 96 
0 41009698490
cob=(1)
cfi=(55)
cfn=(282)
calls=1 30 
0 1822
0 5

fn=(298) 0x0000000000400abc
0 6

fl=(79)
fn=(478)
78 150550
+1 30110
-1 60220
+4 60220
-4 60220
+5 90330
+1 270990
-1 150550
+2 331210
+1 150550
+1 30110
+1 120440

fn=(492)
45 12
+1 8
-1 2
+3 6
cfi=(81)
cfn=(494)
calls=2 -19 
* 650
+1 4

fn=(576) Seq_remhi
70 147343
+3 42098
-3 42098
+4 168392
+1 63147
+1 189441
-1 84196
+2 84196

fn=(542) Seq_put
60 30842141
+3 11215324
-3 2803831
+4 8411493
+1 25234479
-1 14019155
+2 8411493
+1 25234479
-1 8411493
+1 5607662
+1 2803831
+1 11215324

fn=(384)
26 14
+3 10
cfi=(80)
cfn=(386)
calls=2 -7 
* 2013
* 2
+1 4
+3 6
-1 8
cfi=(80)
cfn=(394)
calls=2 -24 
* 1854
* 16
cfi=(81)
cfn=(400)
calls=2 -14 
* 58
+2 2
+1 8

fn=(444)
89 409264
+3 306948
+1 51
cfn=(446) expand
calls=17 -77 
* 1438187
+1 306948
+1 153474
+1 460422
-1 153474
+1 102316
-1 51158
+2 204632

fn=(482) Seq_get
54 1221727290
+2 488690916
-2 122172729
+3 366518187
+1 1099554561
-1 488690916
+2 488690916

fn=(446)
16 68
+1 51
+1 102
cfi=(81)
cfn=(448)
calls=17 +29 
* 1435937
+1 68
+2 72
+1 128
cob=(3)
cfi=(88)
cfn=(462)
calls=8 +34 
* 144
cob=(1)
cfi=(55)
cfn=(282)
calls=1 +8 
* 1523
* 12
+1 48
+2 34

fn=(474) Seq_addlo
98 6
+1 1
-1 2
+3 6
+2 9
+1 5
+1 5
+1 3
+1 9
-1 3
+1 2
-1 1
+2 4

fn=(528) Seq_length
50 252582
+2 84194
+1 84194

fl=(92)
fn=(572)
75 4
+1 3
cfi=(89)
cfn=(574) memory_free
calls=1 -38 
* 4886232
+1 2

fn=(510)
118 24997763
+1 28568872
+4 21426654
+1 7142218

fn=(518)
42 18846240
+1 59679760
+1 6282080

fn=(520)
16 16478514
+1 21971352
+1 29546760
+2 5492838

fn=(536)
59 1192352
+1 3406720
+1 511008

fn=(538)
91 8460270
+1 14100450
cfi=(89)
cfn=(540) segment_unmap
calls=1410045 +36 
* 690922170
+1 2820090

fn=(550)
100 905
+1 3077
+1 1448
cob=(3)
cfi=(93)
cfn=(556)
calls=181 -73 
* 15853
cob=(1)
cfi=(55)
cfn=(282)
calls=1 -72 
* 1461
* 185
+1 362

fn=(512)
34 129605984
+1 324014960
cfi=(89)
cfn=(480)
calls=16200748 +30 
* 1377063580
+1 32401496

fn=(522)
83 11318672
+1 21222510
cfi=(89)
cfn=(524) segment_map
calls=1414834 +19 
* 816715451
* 1414834
+1 5659336

fn=(508)
130 162768500
+1 227875900
+1 65107400

fn=(516)
67 25775340
+1 85917800
+1 8591780

fn=(514)
26 175151736
+1 408687384
cfi=(89)
cfn=(502)
calls=19461304 +28 
* 1595826928
* 19461304
+1 77845216

fn=(530)
50 629490
+1 1993385
+1 209830

fl=(62)
fn=(326)
16 5
+1 6
cob=(3)
cfi=(63)
cfn=(332)
calls=1 +90 
* 61281
cob=(1)
cfi=(55)
cfn=(282)
calls=1 +13 
* 1403
* 5
* 1
+1 6
+4 3
cfi=(78)
cfn=(380)
calls=1 +2 
* 41009627726
+2 3
cob=(3)
cfi=(94)
cfn=(584)
calls=1 +19 
* 411
cob=(1)
cfi=(55)
cfn=(282)
calls=1 +6 
* 1489
* 5
+1 1
+1 2

fl=(89)
fn=(480)
65 113616006
+1 113616006
cfi=(79)
cfn=(482)
calls=16230858 -12 
* 568080030
* 16230858
+1 81154290
cfi=(81)
cfn=(484)
calls=16230858 -33 
* 373309734
* 16230858
+1 64923432
+1 32461716

fn=(540)
128 7050225
+1 9870315
cfi=(79)
cfn=(482)
calls=1410045 -75 
* 49351575
* 1410045
+1 4230135
cfi=(81)
cfn=(494)
calls=1410045 29 
* 320080335
+1 11280360
cfi=(79)
cfn=(542)
calls=1410045 -71 
* 77552475
+1 11280360
cfi=(91)
cfn=(544)
calls=1410045 25 
* 195996255
+1 2820090

fn=(468)
22 4
+2 2
cob=(3)
cfi=(64)
cfn=(338)
calls=1 3619 
* 192
* 1
* 1
+2 2
cfi=(79)
cfn=(384)
calls=1 * 
* 516
* 1
+1 4
cfi=(81)
cfn=(470)
calls=1 -18 
* 6952
* 1
+1 5
cfi=(79)
cfn=(474)
calls=1 +70 
* 56
+1 3
+1 1
cfi=(91)
cfn=(476)
calls=1 -16 
* 225
* 2
+1 1
+1 2

fn=(502)
55 627190956
+1 731722782
cfi=(79)
cfn=(482)
calls=104531826 -2 
* 3658613910
* 104531826
+1 522659130
cfi=(81)
cfn=(484)
calls=104531826 -23 
* 2404231998
* 104531826
+1 209063652
+1 209063652

fn=(574)
38 4
+1 5
cfi=(79)
cfn=(528)
calls=1 +11 
* 10
* 1
+1 2
+1 105245
cfi=(79)
cfn=(576)
calls=21049 +29 
* 820911
* 21049
+1 63147
+1 14370
cfi=(81)
cfn=(494)
calls=4790 -14 
* 1971833
-3 84199
+6 4
cfi=(79)
cfn=(492)
calls=1 -1 
* 481
+1 5
cfi=(91)
cfn=(578)
calls=1 -1 
* 1804875
+1 4
cob=(3)
cfi=(64)
cfn=(490)
calls=1 3702 
* 84
* 1
+1 2

fn=(546) stack_get
139 5575144
+1 6968930
cfi=(91)
cfn=(548)
calls=1393786 34 
* 183979752
* 1393786
+1 1393786
+1 2787572

fn=(524)
103 7074170
+5 7074170
cfi=(91)
cfn=(526)
calls=1414834 -87 
* 18392842
* 2829668
+1 105240
cfi=(79)
cfn=(528)
calls=21048 -59 
* 210480
* 63144
+2 84192
cfi=(81)
cfn=(470)
calls=21048 9 
* 10455522
* 21048
+1 147336
cfi=(79)
cfn=(444)
calls=21048 -23 
* 2262362
+1 105240
cfi=(79)
cfn=(528)
calls=21048 -63 
* 210480
* 63144
+2 4181358
cfn=(546)
calls=1393786 +24 
* 202098970
* 1393786
+1 5575144
cfi=(81)
cfn=(470)
calls=1393786 9 
* 460920349
* 1393786
+1 11150288
cfi=(79)
cfn=(542)
calls=1393786 -57 
* 76658230
+3 1414834
+1 2829668

ob=(6) /usr/lib64/libnetpbm.so.10.47
fl=(53) ???
fn=(658) 0x00000035ffc0b450
0 10
cob=(3)
cfi=(97)
cfn=(640)
calls=1 31 
0 62
cob=(1)
cfi=(55)
cfn=(282)
calls=1 30 
0 1602
0 5
0 13

fn=(260) 0x00000035ffc0b4d0
0 6

fn=(254) 0x00000035ffc0b430
0 6

fn=(266) 0x00000035ffc21bf0
0 11

ob=(1)
fl=(19) /usr/src/debug////////glibc-2.12-2-gc4ccff1/string/../sysdeps/x86_64/strchr.S
fn=(60) index
26 13
+1 13
+1 13
+1 13
+1 13
+1 13
+1 13
+1 13
+1 13
+1 13
+1 13
+1 13
+1 13
+1 13
+1 13
+1 13
+1 13
+1 13
+1 13
+1 13
+1 13
+2 13
+1 13
+1 13
+1 13
+1 13
+1 13
+1 13
+1 13
+1 13
+2 13
+1 13
+1 1
+1 1
+1 1
+1 1
+1 12
+1 13

fl=(28) /usr/src/debug////////glibc-2.12-2-gc4ccff1/string/../sysdeps/x86_64/memset.S
fn=(102) memset
44 15
+1 15
+1 15
+4 15
+1 15
+1 15
+1 15
+2 15
+1 15
+2 13
+5 13
+1 13
+1 13
+1 13
+1 13
326 1
+1 1
+1 1
+1 1
+1 1
+1 1
+1 1
+1 1
+1 1
+1 1
+1 1
+1 1
+1 1
+1 1
+1 1
-11 1
+1 1
+1 1
+1 1
+1 1
+1 1
+1 1
+1 1
+1 1
+1 1
+1 1
+1 1
-8 1
+1 1
+1 1
+1 1
+1 1
+1 1
+1 1
+1 1
+1 1
-3 2
+1 2
+1 2
+1 2
-2 3
+1 3
+1 3
-1 2
+1 2
+67 1
+1 1
+1 1
+1 1
+1 1
+1 1
+1 1
+1 1
+1 1
+1 1
+1 1
-2 2
+1 2
+1 2
-1 2
+1 2
+87 2
+1 2
+1 2
+1 2
+1 2
+1 2
+1 2
+5 2
+1 2
+1 2
+1 2
+1 2
+36 1
+1 1
+37 2
1214 2
+1 4
+4 2
+1 2
+1 4
+5 2
+2 2
+1 2
+1 2
+1 2
+1 2
+1 2
+1 2
+1 2
+1 2
+1 2
+1 2
+1 2
+1 2
+1 2
+1 2
+1 2
+2 2
+2 2
-21 8
+2 8
+1 8
+1 8
+1 8
+1 8
+1 8
+1 8
+1 8
+1 8
+1 8
+1 8
+1 8
+1 8
+1 8
+1 8
+1 8
+2 8
+2 8
+3 2
+1 2
+6 2
+1 2
+1 2
+1 2
+1 2

fl=(11) /usr/src/debug/glibc-2.12-2-gc4ccff1/elf/dl-object.c
fn=(24) _dl_new_object
62 45
+2 5
-2 20
+2 5
cfi=(8) /usr/src/debug////////glibc-2.12-2-gc4ccff1/string/../sysdeps/x86_64/rtld-strlen.S
cfn=(14) strlen
calls=5 -35 
* 263
+6 5
-6 5
+7 10
+6 20
cfi=(13) /usr/src/debug/glibc-2.12-2-gc4ccff1/elf/dl-minimal.c
cfn=(28) calloc
calls=5 +34 
* 251
* 5
+3 5
-3 5
+3 10
+4 5
+5 5
-6 5
+4 5
+2 5
-5 5
+3 5
+2 10
cfi=(14) /usr/src/debug////////glibc-2.12-2-gc4ccff1/string/../sysdeps/x86_64/memcpy.S
cfn=(38) memcpy
calls=5 -33 
* 147
+2 5
-2 5
+5 5
-1 5
-2 5
+3 20
+3 5
-3 5
+3 5
+9 5
-7 5
+4 5
+3 5
-46 5
+48 2
-2 2
+2 30
-2 30
+18 10
-6 5
+6 5
-5 5
+5 5
-6 5
+6 20
+2 16
+3 11
+4 12
+4 24
+8 1
+6 1
-3 2
+3 6
-3 8
+3 8
+2 8
cfi=(8)
cfn=(14)
calls=4 29 
* 211
* 4
+4 4
-4 4
+4 4
+64 4
+7 45
70 10
+1 40
+66 4
-39 10
223 6
-86 1
-4 1
+4 2
+24 8
cfi=(13)
cfn=(32) malloc
calls=4 -66 
* 116
* 4
+1 4
-1 4
+1 12
+45 12
cfi=(14)
cfn=(58) mempcpy
calls=4 56 
* 147
* 4
+6 132
-1 66
+1 70
-1 4
+1 4
+2 8
+3 8

fn=(40) _dl_add_to_namespace_list
33 20
+2 5
-2 5
+2 5
cfi=(2)
cfn=(42)
calls=5 836 
* 10
+2 34
+3 56
+2 4
+2 4
+4 4
+4 4
-4 8
+1 8
+3 4
-2 4
+3 12
-1 4
cfi=(2)
cfn=(44)
calls=4 842 
* 8
-4 1
+4 1
-4 2
+1 2
+3 1
-2 1
+3 3
-1 1
cfi=(2)
cfn=(44)
calls=1 842 
* 2
-5 2

fl=(30) /usr/src/debug/glibc-2.12-2-gc4ccff1/io/../sysdeps/unix/sysv/linux/wordsize-64/xstat.c
fn=(116) _xstat
37 8
-1 8
+1 8
+1 48
+4 2
-4 24

fl=(34) /usr/src/debug/glibc-2.12-2-gc4ccff1/string/../string/memcmp.c
fn=(128) bcmp
322 2
+7 2
-7 10
+7 2
+34 4
+6 4
+1 4
-3 4
+2 56
+1 28
-3 14
-4 34
+13 14

fl=(32) /usr/src/debug////////glibc-2.12-2-gc4ccff1/string/../sysdeps/x86_64/strcpy.S
fn=(124) strcpy
32 3
+1 3
+1 3
+2 3
+2 1
+1 1
+3 1
+1 1
+1 1
+1 1
-3 1
+1 1
+1 1
+1 1
+1 2
+1 2
+1 2
+1 2
+3 3
+8 3
+1 3
+1 3
+1 3
+3 3
+1 3
+1 3
+1 3
+3 3
+2 3
+1 3
+3 3
+1 3
+1 3
+1 3
+3 3
+1 3
+1 3
+1 3
+3 3
+2 3
+1 3
+3 3
+1 3
+1 3
+1 3
+3 3
+1 3
+1 3
+1 3
+3 3
+2 1
+1 1
+3 1
+1 1
+1 1
+1 1
+3 1
+1 1
+1 1
+1 1
+3 1
+12 3
+1 3
+1 3
+13 3
+2 3

fl=(23) /usr/src/debug////////glibc-2.12-2-gc4ccff1/setjmp/../sysdeps/x86_64/setjmp.S
fn=(78) __sigsetjmp
26 8
+2 8
+1 16
+1 8
+4 8
+1 8
+1 8
+1 8
+1 8
+2 16
+2 8
+1 8
+2 16
+2 8
+4 8
+1 8

fl=(31) /usr/src/debug/glibc-2.12-2-gc4ccff1/elf/dl-cache.c
fn=(122) _dl_cache_libcmp
170 102
-29 68
+2 102
+20 102
+2 68
+4 34
+1 68
cfn=(123) _dl_cache_libcmp'2
calls=34 * 
* 2637

fn=(123)
170 468
-29 324
+2 468
+2 18
+6 12
+1 6
-1 6
+2 6
-1 12
+1 18
+1 4
-1 4
+2 5
+1 4
-1 24
+2 12
+6 450
+2 300
+4 122
+1 244
cfn=(123)
calls=122 * 
* 6919
+3 12
+1 6
-8 112

fn=(118) _dl_load_cache_lookup
186 27
+8 6
+3 9
+45 6
+6 9
+16 9
+12 3
-20 3
+8 3
+12 3
-12 3
+12 6
-20 3
+20 9
-20 3
+20 539
cfn=(122)
calls=28 170 
* 2426
* 148
-76 4
cfi=(24) /usr/src/debug/glibc-2.12-2-gc4ccff1/elf/dl-misc.c
cfn=(120) _dl_sysdep_read_whole_file
calls=1 44 
* 68
+8 2
+1 1
-1 2
+1 3
-1 13
+8 1
-3 1
+3 3
+3 1
+1 2
-1 1
+1 1
+2 2
-2 22
+56 84
cfn=(122)
calls=3 170 
* 322
* 18
cfn=(122)
calls=3 170 
* 433
* 117
+16 12
+4 6
+8 6
cfi=(8)
cfn=(14)
calls=3 29 
* 136
* 3
+1 3
-1 12
+1 6
cfi=(32)
cfn=(124)
calls=3 32 
* 152
+1 6
cfi=(33) /usr/src/debug/glibc-2.12-2-gc4ccff1/string/strdup.c
cfn=(126) strdup
calls=3 41 
* 348
+1 24

fn=(178) _dl_unload_cache
316 1
+1 4
+2 2
cfi=(27) /usr/src/debug////////glibc-2.12-2-gc4ccff1/misc/../sysdeps/unix/syscall-template.S
cfn=(180) munmap
calls=1 82 
* 5
+1 1
+2 2

fl=(10) /usr/src/debug/glibc-2.12-2-gc4ccff1/elf/dl-environ.c
fn=(22) _dl_next_ld_env_entry
31 3
+3 11
+2 114
+11 55
-13 166
+17 1
-15 18
+6 2
-3 2
+3 2
+2 2

fl=(33)
fn=(126)
41 12
+1 3
cfi=(8)
cfn=(14)
calls=3 -13 
* 117
* 3
+1 6
cfi=(13)
cfn=(32)
calls=3 +52 
* 87
* 3
+2 6
+3 6
+1 6
-1 3
+1 3
-1 3
cfi=(14)
cfn=(38)
calls=3 +8 
* 90

fl=(6) /usr/src/debug/glibc-2.12-2-gc4ccff1/elf/../sysdeps/unix/sysv/linux/x86_64/brk.c
fn=(10) brk
29 1
+3 4
+2 2
-2 1
+2 1
+7 2

fl=(25) /usr/src/debug////////glibc-2.12-2-gc4ccff1/io/../sysdeps/unix/syscall-template.S
fn=(106) close
82 20
+1 5

fn=(90) open
82 68
+1 17
+1 72

fn=(108) access
82 4
+1 1
+1 6

fn=(92) read
82 16
+1 4

fl=(4) /usr/src/debug/glibc-2.12-2-gc4ccff1/elf/dl-lookup.c
fn=(6) _dl_setup_hash
873 18
+5 4
+3 8
+2 4
-1 4
+4 4
+4 8
-4 4
+1 8
+2 4
+1 4
+2 4
+2 12
-7 4
+7 8
+1 4
+3 6
+2 2
+2 2
+1 2
+1 2
+2 2
-4 2
+4 4

fn=(158) do_lookup_x
83 2007
+1 223
-6 223
+5 669
-5 2007
+12 223
231 223
+3 223
+39 223
-42 223
+3 223
99 223
-3 223
+1 223
+2 223
+3 223
-3 223
+3 223
-3 673
-3 673
+1 673
+2 673
+3 673
-3 673
+3 673
+4 1812
+4 1788
+4 1788
+7 2682
+4 894
+1 894
227 894
125 1788
+1 1788
227 894
+1 1788
+4 459
+3 459
-3 918
+3 1377
+1 459
+3 918
-1 918
+1 459
-1 918
+21 255
+24 1362
470 2043
+1 415
-1 1154
+4 2059
+4 1784
288 1652
+4 465
+13 213
+1 213
-1 213
+1 639
+1 213
471 455
cfi=(24)
cfn=(84) _dl_name_match_p
calls=91 301 
* 4368
-1 455
263 1740
+6 4350
+4 10240
cfn=(162) check_match.12439
calls=1280 133 
* 44386
+1 6400
-3 6355
-2 5116
-27 1314
+1 438
+2 1512
+10 573
-7 1995
+2 408
+1 204
-1 204
+1 816
-1 612
+1 816
cfn=(162)
calls=204 133 
* 21485
+1 2124
fi=(39) /usr/src/debug/glibc-2.12-2-gc4ccff1/elf/../sysdeps/generic/dl-hash.h
30 223
+2 892
+3 223
-1 223
+1 669
+2 669
+1 892
+2 669
+1 892
+2 669
+1 892
+2 860
+1 12084
+3 15252
+1 7626
+13 3813
+1 11439
-18 215
fe=(4)
264 446

fn=(156) _dl_lookup_symbol_x
724 669
485 223
724 1338
485 223
724 1115
485 1115
+1 446
-1 223
+1 669
-1 669
+1 9394
-1 4697
+1 14091
-1 14537
730 223
+9 223
-13 446
+1 446
+12 892
+6 2007
+8 20
-8 50
+2 3345
cfn=(158)
calls=223 83 
* 224328
+3 446
-5 223
+33 446
+23 639
+1 426
-1 852
+39 426
-3 426
+14 639
+3 639
1023 213
859 213
+1 213
+1 1784
-81 70
+17 20
+1 10
+54 2

fn=(162)
133 8904
+1 2968
+2 2968
+2 2454
-2 1636
+12 2454
+3 1636
+5 213
-1 213
+1 213
-1 213
+1 213
+2 218
+19 218
+1 545
+1 109
-1 218
+1 327
cfi=(15) /usr/src/debug////////glibc-2.12-2-gc4ccff1/string/../sysdeps/x86_64/strcmp.S
cfn=(46) strcmp
calls=109 -44 
* 9402
-1 218
+46 10388
-73 3200
cfi=(15)
cfn=(46)
calls=640 -16 
* 8057
* 1920
+64 1210
-9 208
+2 208
+1 208
-1 832
-72 2968
+79 1332

fl=(14)
fn=(58)
56 39
+4 39
+3 39
+1 39
+2 17
+1 17
+2 17
+1 17
+5 17
+1 17
-1 22
+1 22
+2 16
+1 16
+2 16
+1 16
+5 16
+1 16
-1 23
+1 23
+2 13
+1 13
+2 13
+1 13
+5 13
+1 13
-1 26
+1 26
+2 15
+1 15
+2 15
+1 30
+5 15
+1 15
-1 24
+1 36
+5 12
+1 12
+1 12
+1 12
+2 12
+2 12
+1 12
+2 12
+6 39
+4 39
+12 1
+2 1
+1 1
+26 1
+1 1
+3 1
+1 1
+1 1
+5 1
+2 1
+1 1
+1 1
+1 1
+2 1
+1 1
+1 1
+1 1
+2 1
+1 1
+2 1
+2 1
+2 1
+1 1
+1 1
+1 1
+2 1
+1 1
+1 1
+1 1
+2 1
+1 1
+2 2
+5 1
+2 1

fn=(38)
56 22
+2 22
+2 22
+3 22
+1 22
+2 6
+1 6
+2 6
+1 6
+5 6
+1 6
-1 16
+1 16
+2 6
+1 6
+2 6
+1 12
+5 6
+1 6
-1 16
+1 16
+2 1
+1 1
+2 1
+1 1
+5 1
+1 1
-1 21
+1 21
+2 10
+1 10
+2 10
+1 10
+5 10
+1 10
-1 12
+1 24
+5 12
+1 12
+1 12
+1 12
+2 12
+2 12
+1 12
+2 12
+8 22
+8 4
+6 4
+2 4
+1 4
+3 1
+1 2
+5 1
+1 1
+2 1
+2 1
+1 1
+2 2
+9 1
+1 1
-1 3
+1 3
+3 4
+1 4
+1 4
+5 4
+2 4
+1 4
+1 4
+1 4
+2 4
+1 4
+1 4
+1 4
+2 4
+1 4
+2 4
+2 3
+2 3
+1 3
+1 3
+1 3
+2 3
+1 3
+1 3
+1 3
+2 3
+1 3
+2 6
+5 3
+6 3
+1 3
-7 1
+6 1
+1 1

fl=(9) /usr/src/debug/glibc-2.12-2-gc4ccff1/elf/../misc/sbrk.c
fn=(16) sbrk
35 3
+8 1
-8 1
+8 5
+4 2
+11 5

fl=(26) /usr/src/debug/glibc-2.12-2-gc4ccff1/io/../sysdeps/unix/sysv/linux/wordsize-64/fxstat.c
fn=(96) _fxstat
37 5
-1 5
+1 5
+1 30
+4 5

fl=(56) /usr/src/debug/glibc-2.12-2-gc4ccff1/elf/../elf/dl-runtime.c
fn=(284) _dl_fixup
73 13
+6 26
-6 13
+6 13
-6 39
+6 13
+1 13
-4 13
+5 13
-2 13
-3 13
+4 13
+1 13
-1 52
+10 26
+4 39
+5 72
+1 36
+8 52
+7 26
+3 130
cfi=(4)
cfn=(156)
calls=13 724 
* 17889
* 13
+4 39
+4 52
+6 91
+8 13
+7 52
+4 39
fi=(7) /usr/src/debug/glibc-2.12-2-gc4ccff1/elf/../sysdeps/x86_64/dl-machine.h
+85 13
fe=(56)
-81 78
-55 2

fl=(18) /usr/src/debug/glibc-2.12-2-gc4ccff1/elf/dl-load.c
fn=(86) expand_dynamic_string_token
317 8
+10 1
-10 1
+10 1
-10 1
+10 1
cfi=(19)
cfn=(60)
calls=1 26 
* 61
* 2
162 2
cfi=(8)
cfn=(14)
calls=1 29 
* 94
* 1
+1 2
cfi=(13)
cfn=(32)
calls=1 -68 
* 29
* 1
+2 2
+3 2
342 3
168 1
342 4
168 1
cfi=(14)
cfn=(38)
calls=1 56 
* 60

fn=(82) _dl_map_object
1984 8
+11 8
-11 16
+11 8
-11 8
+11 8
-11 56
+11 8
-11 16
+11 16
+12 58
-12 87
+5 165
+3 99
cfi=(24)
cfn=(84)
calls=33 301 
* 1956
* 66
2269 72
2027 4
-1 8
+10 4
-1 8
+26 8
-2 4
+2 4
cfi=(19)
cfn=(60)
calls=4 26 
* 121
* 8
2198 2
+1 4
cfn=(86)
calls=1 317 
* 278
+2 1
-3 1
+3 1
+4 9
cfn=(88) open_verify
calls=1 1581 
* 162
+3 1
-3 1
+3 1
+11 12
+3 8
+44 4
+1 28
-1 4
+1 12
cfn=(94) _dl_map_object_from_fd
calls=4 836 
* 5945
* 8
2026 8
+39 6
cfi=(8)
cfn=(14)
calls=3 29 
* 159
* 3
+2 3
-2 3
+2 3
+7 12
+35 9
+1 45
cfn=(114) open_path
calls=3 1835 
* 2391
+6 3
-6 3
+6 3
+76 6
-76 6
610 9
2123 12
+6 6
cfi=(31)
cfn=(118)
calls=3 186 
* 5030
+2 3
-2 3
+2 3
+4 9
+9 6
+28 27
cfn=(88)
calls=3 1581 
* 886
+3 3
-3 3
+3 3
+1 6
-93 3
-5 6
+5 3
+3 6
-3 3
+3 6
-3 3
+3 30
-3 9
610 9
2084 9
+14 15
+2 9
-2 6
610 9
2008 29
-1 58
+4 15
+2 15
-2 30
+2 45
cfi=(15)
cfn=(46)
calls=15 135 
* 315
* 45

fn=(62) fillin_rpath
387 16
+4 3
cfi=(13)
cfn=(64) strsep
calls=1 -66 
* 286
* 6
cfi=(13)
cfn=(64)
calls=2 -66 
* 244
* 9
+3 4
cfi=(8)
cfn=(14)
calls=2 29 
* 89
+4 2
-4 2
+4 2
+15 4
+29 21
+1 10
-38 8
+5 6
+51 6
+3 8
cfi=(13)
cfn=(32)
calls=2 95 
* 58
* 2
+3 2
-3 2
+3 2
+4 2
+2 6
-2 4
+2 2
cfi=(14)
cfn=(58)
calls=2 56 
* 58
* 2
+3 2
-2 4
+2 2
+1 1
+5 2
+1 1
-1 2
+1 2
-1 2
+1 1
-1 2
+1 26
+1 1
-1 3
+1 1
-1 20
-98 2
+98 3
+1 11
-1 6
+4 2
-1 4
+1 2
+7 4
+1 2
+3 6
+5 1
+3 9
-14 4
-9 3

fn=(88)
1581 192
+36 16
-36 32
+36 62
+21 80
cfi=(25)
cfn=(90)
calls=16 82 
* 152
+1 16
-1 16
+1 16
+11 12
-1 4
+1 16
cfi=(25)
cfn=(92)
calls=4 82 
* 20
* 8
+7 12
-7 4
+7 4
+16 50
+2 4
-2 56
+60 8
+5 8
+2 12
+6 8
+7 4
+1 4
+1 4
-2 16
+1 12
+16 16
+15 8
-15 168
+1 61
+4 15
+1 9
+14 21
+2 9
+5 2
+1 2
-13 69
+16 4
+6 2
-3 2
+1 2
+1 2
+1 4
+1 2
-1 4
-3 2
+1 2
+1 8
-2 2
+3 4
+14 144
-56 2
-92 12
cfi=(34)
cfn=(128)
calls=2 322 
* 178
* 8

fn=(54) _dl_init_paths
633 1
+15 2
-15 8
+15 3
cfi=(5) /usr/src/debug/glibc-2.12-2-gc4ccff1/elf/../elf/dl-sysdep.c
cfn=(56) _dl_important_hwcaps
calls=1 354 
* 328
+4 1
-4 1
+4 1
cfi=(13)
cfn=(32)
calls=1 95 
* 29
* 1
+2 1
-2 2
+2 1
+7 5
+4 4
cfi=(13)
cfn=(32)
calls=1 95 
* 29
* 1
* 1
+3 3
+29 1
-22 2
+22 3
-2 2
-21 1
+1 1
+22 3
-8 1
-4 1
-2 2
+11 1
-6 1
-3 1
+1 1
+3 1
+1 1
+4 1
-5 1
-4 1
-2 2
+11 1
-6 1
-3 1
+1 1
+3 1
+1 1
+4 27
+1 2
-1 6
+1 2
-1 24
+1 4
-1 12
+3 10
+7 1
+4 1
-5 1
+6 2
+4 3
+32 4
+8 3
cfi=(19)
cfn=(60)
calls=1 26 
* 34
* 2
+2 2
cfi=(8)
cfn=(14)
calls=1 29 
* 88
* 8
cfi=(14)
cfn=(38)
calls=1 56 
* 31
* 1
+17 6
+2 1
+1 2
+1 1
-4 3
+2 26
+1 52
+1 26
-4 79
+7 1
cfi=(13)
cfn=(32)
calls=1 95 
* 29
* 1
+2 1
-2 1
+2 1
+6 7
cfn=(62)
calls=1 387 
* 997
+4 3
+6 1
+4 8
-72 1
-2 1
+2 2
+11 2

fn=(114)
1835 24
+1 3
-1 15
+7 3
-7 3
+1 3
+6 6
+5 12
+52 6
-52 3
+52 3
-52 21
+75 9
-63 18
+7 24
cfi=(14)
cfn=(58)
calls=6 56 
* 174
+1 6
-1 6
+1 42
+20 16
-20 118
+3 48
+4 72
cfi=(14)
cfn=(58)
calls=12 56 
* 226
* 48
cfi=(14)
cfn=(58)
calls=12 56 
* 276
* 12
-1 12
+7 24
+3 84
cfn=(88)
calls=12 1581 
* 564
* 12
+2 36
+26 16
+2 12
+39 6
-41 6
+41 30
+7 6
-2 6
+2 30
-67 16
+1 48
+79 8
-80 16
+7 16
+3 8
-3 8
+3 24
cfi=(30)
cfn=(116)
calls=8 37 
* 98
-1 16
+1 4
-1 4
+3 12
+7 24
+65 27
-14 9
+10 6
-66 6

fn=(94)
836 48
+11 4
-11 4
+11 4
-11 4
+11 4
cfi=(20) /usr/src/debug/glibc-2.12-2-gc4ccff1/elf/dl-debug.c
cfn=(66) _dl_debug_initialize
calls=4 52 
* 36
+4 12
-4 4
+4 4
cfi=(26)
cfn=(96)
calls=4 37 
* 40
* 8
+11 28
+1 12
-1 42
+1 56
+17 8
+25 8
+10 8
+22 20
+35 28
cfi=(11)
cfn=(24)
calls=4 62 
* 1850
+1 4
-1 4
+1 4
-54 4
+65 4
-65 4
+65 4
+1 4
+4 4
-4 4
+1 8
+2 16
+1 12
+1 8
+22 4
+8 4
-25 4
+17 4
+8 8
-8 16
+8 8
-8 4
+8 8
-8 4
+8 8
+99 8
-47 4
+47 12
-47 4
+47 12
-98 52
+6 12
+1 16
-8 240
+1 164
+70 3
+4 1
+1 2
+1 3
+4 2
+3 2
+7 2
-3 2
+6 1
cfi=(21) /usr/src/debug/glibc-2.12-2-gc4ccff1/elf/dl-tls.c
cfn=(130) _dl_next_tls_modid
calls=1 57 
* 6
* 3
+1 1
+58 6
+1 6
-5 8
+1 4
1038 40
+6 16
+1 8
-1 32
+7 24
+11 8
+1 8
-1 8
+1 8
-1 16
+1 8
+1 56
+2 24
+1 24
+1 24
+4 8
-4 8
+4 20
+5 36
+11 4
-11 36
+11 4
-56 6
+1 2
+67 4
+78 16
985 4
1191 8
985 4
1191 16
+2 4
-2 4
+2 4
+19 32
cfi=(27)
cfn=(98) mmap
calls=4 82 
* 24
+4 4
-4 4
+4 8
+7 12
+1 4
+2 4
-2 4
+2 4
+10 8
+35 24
+3 8
+7 32
+6 4
+2 4
-2 4
+1 4
+2 8
-1 16
+8 8
+3 8
+11 32
cfi=(28)
cfn=(102)
calls=4 44 
* 332
+1 24
+5 8
+15 8
-73 40
+4 8
-2 8
+2 40
cfi=(27)
cfn=(98)
calls=4 82 
* 24
-2 8
+11 8
+2 4
-2 4
+2 4
+2 6
-2 6
+2 4
+1 2
-1 4
+1 8
-3 4
+5 8
+57 4
-77 4
+77 8
+9 4
fi=(3) /usr/src/debug/glibc-2.12-2-gc4ccff1/elf/dynamic-link.h
113 4
fe=(18)
1345 4
fi=(3)
113 4
+6 4
-2 4
+2 8
+7 4
+5 4
+3 4
+1 4
-3 4
-5 8
-1 112
+1 57
+10 19
-18 57
+18 9
-18 27
+2 186
+8 65
+8 65
-18 195
+25 12
+20 4
+1 4
+1 4
+1 4
+2 4
+5 4
+1 3
+1 3
+35 12
+5 1
+2 1
-2 2
+2 1
+2 2
+2 2
+1 1
+2 12
+2 4
+2 4
+1 1
+2 8
fe=(18)
1351 12
+16 12
+19 8
+2 20
+51 12
+1 2
+3 2
cfi=(25)
cfn=(106)
calls=1 82 
* 5
* 6
cfi=(25)
cfn=(106)
calls=3 82 
* 15
* 8
+8 8
+3 8
+2 4
-2 4
+2 4
+16 8
cfi=(4)
cfn=(6)
calls=4 873 
* 86
+4 16
+18 8
+4 4
+5 4
-5 4
+1 8
+4 4
+6 12
cfi=(11)
cfn=(40)
calls=4 33 
* 184
+5 4
-1 8
+20 36
1232 28
cfi=(27)
cfn=(100) mprotect
calls=4 82 
* 20
* 4
1495 2
1321 8
cfi=(27)
cfn=(98)
calls=1 82 
* 6
+3 2
fi=(3)
128 36
+3 36
+1 24
+2 12
+1 12
fe=(18)

fl=(15)
fn=(46)
135 1085
+1 1085
+1 1085
+1 421
+1 421
+1 421
+1 421
cfn=(47) strcmp'2
calls=421 -6 
* 15354
+5 664
+1 664
+1 664
+1 664

fn=(47)
135 2146
+1 2146
+1 2146
+1 1891
+1 1891
+1 1891
+1 1891
cfn=(47)
calls=1725 -6 
* 66974
+2 166
+1 166
+2 255
+1 255
+1 255
+1 255

fl=(5)
fn=(8) _dl_sysdep_start
89 8
+25 1
-1 1
+1 179
+3 1
-3 1
+6 2
-2 1
-1 1
+3 1
-6 1
+6 4
+1 1
-1 7
+1 102
+3 2
-4 49
fi=(16) /usr/src/debug/glibc-2.12-2-gc4ccff1/elf/../sysdeps/unix/sysv/linux/dl-sysdep.c
-84 2
cfi=(6)
cfn=(10)
calls=1 -7 
* 11
fi=(7)
226 5
fe=(5)
+3 2
cfi=(9)
cfn=(16)
calls=1 35 
* 17
* 3
+12 3
+3 5
cfi=(2)
cfn=(18) dl_main
calls=1 888 
* 329876
+2 9
-67 1
-59 4
+34 1
-34 4
+43 1
-43 4
+40 1
-40 4
+37 1
-37 5
+13 1
-13 4
+10 1
-10 4
+7 1
-7 4
227 1
cfi=(8)
cfn=(14)
calls=1 29 
* 39
* 2

fn=(176) _dl_sysdep_start_cleanup
252 1

fn=(56)
354 6
+3 1
-3 2
+3 1
-1 1
+1 1
+9 1
-12 4
+12 1
+10 3
+75 2
+8 2
+2 1
+1 1
-1 2
+1 3
+11 1
-7 2
+1 1
-1 1
+7 1
+4 6
+1 2
+18 11
+1 3
cfi=(13)
cfn=(32)
calls=1 95 
* 29
* 1
+1 1
-1 1
+1 1
+4 2
+22 3
+3 1
-3 3
+3 1
+28 2
-7 1
+7 4
+1 1
-1 1
+1 1
-1 1
+1 1
-1 1
+1 3
-1 3
+1 3
-1 3
+1 3
-1 5
+5 2
-5 3
+5 3
+3 1
-3 1
+3 1
-3 3
+3 1
-3 1
+3 7
+2 16
-2 4
+1 12
-1 2
+1 12
-1 10
+4 4
+3 1
+2 2
-1 1
-1 2
+2 3
+13 11
+1 1
+2 2
-3 3
+1 1
+2 2
+3 3
+3 9
418 1
+3 1
-3 1
+3 8
529 5
cfi=(14)
cfn=(58)
calls=1 56 
* 22
* 1
+1 1
-1 1
+1 2
cfi=(14)
cfn=(58)
calls=1 56 
* 22
* 3

fl=(35) /usr/src/debug/glibc-2.12-2-gc4ccff1/elf/dl-version.c
fn=(138) _dl_check_map_versions
180 54
+15 6
-15 12
+15 12
+2 6
+3 6
-3 6
+2 6
+1 6
+2 6
-3 6
+3 6
+3 12
+4 4
-4 4
+4 8
+10 16
+7 4
62 4
226 8
62 24
226 1
62 1
226 2
62 16
+1 20
-1 40
+2 75
cfi=(24)
cfn=(84)
calls=25 301 
* 1545
* 50
234 15
+5 20
+20 16
-16 112
cfn=(140) match_symbol
calls=1 82 
* 138
* 72
cfn=(140)
calls=12 82 
* 2183
* 65
+11 39
+9 20
+5 3
+1 1
69 4
277 12
+3 12
+10 44
-10 88
+6 66
-6 12
+6 9
+8 12
+87 54
-81 5
-1 15
cfi=(13)
cfn=(28)
calls=5 111 
* 195
* 5
+2 5
-2 5
+2 5
+11 5
+2 5
-5 5
+3 10
+2 5
+3 20
+4 15
+18 24
-15 16
+2 24
-2 10
+2 15
+2 78
+1 39
+1 39
+1 39
+3 39
+8 15
+5 3
+1 1
+4 10
+3 15
+20 44
-14 22
-2 22
+2 25
-2 3
+2 3
+5 44
+1 22
-1 110
+1 22
+1 22
-1 44
+4 78
269 6

fn=(136) _dl_check_all_versions
387 5
+4 1
-4 1
+4 1
-4 1
+4 3
+1 18
-1 6
+1 6
-1 12
+5 7
-3 24
cfn=(138)
calls=6 180 
* 6097
-1 24

fn=(140)
82 130
+9 13
-8 13
-1 39
+1 13
+8 13
+6 39
+18 26
+5 26
+14 180
+12 231
+4 154
-30 154
+19 78
cfi=(15)
cfn=(46)
calls=13 -4 
* 1069
* 39
+34 13
+1 91

fl=(37) /usr/src/debug/glibc-2.12-2-gc4ccff1/elf/dl-reloc.c
fn=(150) _dl_relocate_object
158 36
+10 12
-10 18
+14 6
-14 12
+14 6
+1 30
+6 12
+6 18
+4 12
+8 18
+45 6
fi=(7)
96 12
fe=(37)
242 12
fi=(7)
96 6
+39 6
fe=(37)
268 156
fi=(38) /usr/src/debug/glibc-2.12-2-gc4ccff1/elf/do-rel.h
57 4
+1 4
+1 4
fe=(37)
268 4
156 4
fi=(38)
-91 4
fe=(37)
+91 4
fi=(7)
295 4
fe=(37)
-27 4
fi=(7)
+27 4
fi=(38)
65 4
fe=(37)
268 2
fi=(38)
57 2
+1 2
+1 2
fe=(37)
268 2
156 2
fi=(38)
-91 2
fe=(37)
+91 2
fi=(7)
295 2
fe=(37)
-27 2
fi=(7)
+27 2
fi=(38)
65 2
+3 16
fi=(7)
476 4
-1 8
+4 8
-3 242
-1 484
+4 484
+2 738
+1 18
fi=(38)
68 738
fe=(37)
268 42
fi=(38)
59 6
fe=(37)
268 36
fi=(38)
65 6
fe=(37)
268 6
fi=(38)
57 6
+1 6
+7 6
+10 6
+2 6
-2 12
+1 6
+1 52
+14 5
-12 5
+12 11
-12 1
+12 2
+10 18
+10 15
+4 5
+2 5
-2 5
+2 5
fi=(7)
296 15
fi=(38)
119 10
+1 5
+2 10
-2 5
-1 5
fi=(7)
267 5
fi=(38)
119 5
fi=(7)
270 5
fi=(38)
119 5
+1 15
fi=(7)
270 5
fi=(38)
119 432
+1 216
+2 432
-2 216
-1 216
fi=(7)
267 216
fi=(38)
119 216
fi=(7)
270 216
fi=(38)
119 216
+1 648
fi=(7)
270 216
+18 442
+7 5092
fi=(38)
120 384
fi=(7)
295 576
fi=(38)
120 192
fi=(7)
295 807
fi=(38)
120 26
fi=(7)
295 39
fi=(38)
120 13
fi=(7)
295 2512
cfi=(4)
cfn=(156)
calls=205 724 
* 265010
* 820
+1 663
+4 215
-4 430
+4 215
-1 430
+10 442
fe=(37)
-38 18
+28 6
+3 12
+13 12
+1 6
cfn=(170) _dl_protect_relro
calls=3 +8 
* 72
* 3
+1 48
fi=(7)
135 8
-39 8
+6 8
+4 12
+13 4
-8 4
+8 8
+13 4
+3 4
-3 4
+3 12
fe=(37)
+50 18
+83 18
fi=(38)
117 7
fi=(7)
309 884
+85 206
fi=(38)
117 412
fi=(7)
394 206
fi=(38)
117 210
fi=(7)
377 30
+4 30
+5 20
fi=(38)
117 10
fi=(7)
386 20
fi=(38)
117 20
fi=(7)
327 2
+1 1
fi=(38)
117 1
fi=(7)
328 1
fi=(38)
117 2
fi=(7)
448 4
fi=(38)
117 2
fi=(7)
448 2
cob=(3)
cfi=(40)
cfn=(168)
calls=1 124 
* 6
cob=(3)
cfi=(40)
cfn=(164)
calls=1 106 
* 64
+1 2
fi=(38)
117 4
fi=(7)
430 6
+4 10
cfi=(14)
cfn=(38)
calls=2 56 
* 36
+2 10
295 26
fi=(38)
104 5
fi=(7)
467 3
fi=(38)
104 2
fi=(7)
467 1
fi=(38)
104 1
+7 3
+16 5
+1 2
+1 2
-1 1
fi=(7)
267 1
fi=(38)
128 1
fi=(7)
270 1
fi=(38)
128 3
fi=(7)
270 1
fi=(38)
128 8
+1 8
-1 4
fi=(7)
267 4
fi=(38)
128 4
fi=(7)
270 4
fi=(38)
128 12
fi=(7)
270 4
+18 10
+7 195
cfi=(4)
cfn=(156)
calls=5 724 
* 6177
* 20
+1 15
+4 1
-4 2
+4 1
-1 2
+10 30
108 4
+1 6
394 15
fi=(38)
127 16
fi=(7)
484 1140
295 95
fe=(37)

fn=(170)
324 3
-2 6
+1 6
+1 9
+2 6
+2 6
+1 9
cfi=(27)
cfn=(100)
calls=3 82 
* 15
-1 6
+7 6

fl=(2)
fn=(134) version_check_doit
660 2
+3 4
cfi=(35)
cfn=(136)
calls=1 387 
* 6206
-1 2
+4 2

fn=(72) do_preload
802 6
+6 1
+1 1
+5 5
-10 1
+6 1
+2 1
+2 1
cfi=(22) /usr/src/debug/glibc-2.12-2-gc4ccff1/elf/dl-error.c
cfn=(74) _dl_catch_error
calls=1 160 
* 2244
+1 2
+2 3
+12 5

fn=(80) map_doit
628 2
+2 7
cfi=(18)
cfn=(82)
calls=1 1984 
* 2175
* 1
+2 2

fn=(2) _dl_start
365 9
+18 4
fi=(7)
76 2
fe=(2)
383 1
+29 2
-3 1
fi=(3)
119 1
fe=(2)
412 1
fi=(3)
119 2
+3 1
+4 1
+5 1
+3 1
+1 1
-3 1
-5 2
-5 14
+15 14
-18 42
+18 3
-18 9
+2 44
+5 32
+1 15
+10 5
-18 16
+25 2
fe=(2)
547 1
288 68
+12 2
cfi=(4)
cfn=(6)
calls=1 873 
* 24
+1 1
+1 1
+1 1
-2 1
+3 1
-2 1
+1 1
+1 1
+21 1
+10 1
-10 3
+10 1
-6 1
-4 1
+10 1
cfi=(5)
cfn=(8)
calls=1 89 
* 330378
* 1
+9 1
+7 1
-4 1
+4 1
572 9
fi=(3)
128 12
+3 12
+1 8
+2 4
+1 4
fe=(2)
540 2

fn=(18)
888 1
+19 1
-19 5
+22 1
-22 2
+32 1
-32 4
+27 1
-1 1
+6 1
+3 1
-16 1
+3 1
+4 1
+1 1
+8 1
cfn=(20) process_envvars
calls=1 2532 
* 604
+7 3
1109 5
+9 1
-9 2
cfi=(11)
cfn=(24)
calls=1 62 
* 250
+4 1
-4 1
+3 1
+6 2
-5 1
+1 2
+4 1
cfi=(11)
cfn=(40)
calls=1 33 
* 31
* 1
+30 1
-3 1
+3 1
-8 1
+1 1
+2 1
+5 5
+1 24
-1 24
+1 39
+91 2
+1 1
-88 3
+1 1
+49 2
+1 2
-1 8
+2 4
+1 2
+3 2
+1 2
-1 2
+1 2
+1 2
+1 6
+1 2
-43 1
-3 2
+3 1
+7 2
-10 1
+10 1
+68 2
-87 3
+1 1
+92 3
+3 2
+2 2
+2 3
+13 3
+1 6
cfi=(15)
cfn=(46)
calls=1 135 
* 7
-1 2
+12 2
-4 1
-2 1
+3 1
+3 1
+6 2
fi=(3)
104 1
+9 2
+6 1
-2 1
+2 2
+7 1
+5 1
+3 1
+1 1
-3 1
-5 2
-1 12
+1 9
+10 3
-18 9
+2 42
+8 18
+8 18
-18 54
+25 3
+67 3
+14 3
+7 2
fe=(2)
1294 2
cfi=(4)
cfn=(6)
calls=1 873 
* 14
+3 2
+20 4
+92 1
cfi=(16)
cfn=(50) _dl_discover_osversion
calls=1 67 
* 92
* 8
+5 2
cfi=(18)
cfn=(54)
calls=1 633 
* 1976
+3 3
cfi=(20)
cfn=(66)
calls=1 52 
* 23
+7 1
-7 1
+2 1
+5 1
+4 1
+3 1
-2 1
+3 1
-2 1
-2 2
+9 1
-9 1
+1 1
+8 1
+5 1
+4 1
-3 2
+3 1
+4 1
-5 1
+5 2
+1 2
+1 1
-1 2
+1 3
+2 2
+1 2
+5 2
+5 4
1642 1
cfi=(21)
cfn=(68) _dl_count_modids
calls=1 116 
* 5
* 1
+8 3
+3 2
+4 3
+5 2
+1 1
cfi=(20)
cfn=(70) _dl_debug_state
calls=1 77 
* 1
+1 1
+4 3
+19 4
+31 3
cfi=(25)
cfn=(108)
calls=1 82 
* 11
* 2
+77 5
+17 1
+1 2
-1 1
+1 2
-1 1
+1 3
cfi=(29) /usr/src/debug/glibc-2.12-2-gc4ccff1/elf/dl-deps.c
cfn=(110) _dl_map_object_deps
calls=1 149 
* 19758
+1 1
+2 5
+3 1
-3 2
+3 1
-3 1
+3 1
-3 1
+3 1
+1 5
-1 2
+1 20
-1 11
+4 3
+1 3
+1 1
+2 2
+1 27
-1 12
+1 2
+13 1
-1 2
+1 1
+2 4
+5 1
-5 1
+4 2
+12 1
+3 1
+1 1
-1 1
+1 3
+11 2
+2 3
-2 2
+1 4
+1 1
cfi=(22)
cfn=(132) _dl_receive_error
calls=1 198 
* 6246
+10 1
+1 1
-1 1
+1 1
+3 2
851 1
fi=(36) /usr/src/debug/glibc-2.12-2-gc4ccff1/elf/../sysdeps/unix/sysv/linux/dl-osinfo.h
70 2
+48 2
fe=(2)
853 1
+6 2
fi=(36)
127 2
+11 2
fe=(2)
864 1
+2 1
+6 1
1895 2
2121 3
+56 2
+4 4
+4 2
+48 2
+7 1
-7 1
+7 1
+3 25
+3 3
+6 2
+2 2
-2 10
+2 10
+7 6
-2 6
+2 12
+1 35
cfi=(37)
cfn=(150)
calls=5 158 
* 285561
+4 14
+1 2
cfi=(21)
cfn=(172) _dl_add_to_slotinfo
calls=1 843 
* 24
+2 6
+2 12
+1 1
+2 7
+6 1
-6 1
+6 1
+9 4
+2 1
+5 2
cfi=(21)
cfn=(174) _dl_allocate_tls_init
calls=1 402 
* 128
+4 2
+11 4
+29 1
cfi=(5)
cfn=(176)
calls=1 252 
* 1
+4 3
+20 3
cfi=(20)
cfn=(66)
calls=1 52 
* 9
+1 1
-1 1
+2 1
cfi=(20)
cfn=(70)
calls=1 77 
* 1
+1 1
+4 1
cfi=(31)
cfn=(178)
calls=1 316 
* 15
+5 8
-50 1
+2 1
+1 1
-3 1
+3 3
-3 1
+3 1
cfi=(37)
cfn=(150)
calls=1 158 
* 9868
+1 1
+2 10
1438 4
-11 4
1799 9
+4 3
+1 1
+1 3
2256 1
+1 1
-3 2
1694 78
cfi=(14)
cfn=(38)
calls=1 56 
* 66
* 1
+3 4
+3 3
cfi=(13)
cfn=(64)
calls=1 325 
* 1266
* 3
cfi=(13)
cfn=(64)
calls=1 325 
* 4
* 6
+1 4
+3 4
cfn=(72)
calls=1 802 
* 2271
* 2
+2 1
+2 12
1888 1
cfn=(142) init_tls
calls=1 782 
* 590
* 2

fn=(20)
2532 1
+8 2
-8 4
+23 1
-23 4
+8 1
-8 1
+8 2
-7 1
+6 2
fi=(101) /usr/src/debug/glibc-2.12-2-gc4ccff1/elf/../sysdeps/unix/sysv/linux/dl-librecon.h
32 1
fe=(2)
2539 1
-6 1
fi=(101)
32 2
fe=(2)
2542 2
cfi=(10)
cfn=(22)
calls=1 31 
* 28
* 4
cfi=(10)
cfn=(22)
calls=2 31 
* 348
* 9
+4 6
-4 2
+4 38
+1 19
-1 57
+9 12
2704 1
-4 1
+4 1
-4 1
+4 1
+30 2
+21 8
2629 17
-53 5
+7 12
+2 2
+1 1
+45 2
+1 1

fn=(76) _dl_initial_error_catch_tsd
796 18

fn=(142)
782 1
-56 1
-4 1
-2 1
+2 1
+4 1
+60 3
-54 1
+3 4
cfi=(13)
cfn=(28)
calls=1 111 
* 39
* 1
+14 1
-14 1
+7 1
+1 1
+6 3
+2 12
+4 1
+2 1
-2 2
-5 1
-1 2
+1 5
-1 10
+13 1
cfi=(21)
cfn=(144) _dl_determine_tlsoffset
calls=1 138 
* 55
+7 1
cfi=(21)
cfn=(146) _dl_allocate_tls_storage
calls=1 354 
* 424
+1 1
-1 1
+1 1
+6 1
+4 1
-4 1
+4 6
+3 1
+2 1

fn=(42)
836 7
+1 7

fn=(44)
842 7
+1 7

fl=(17) /usr/src/debug////////glibc-2.12-2-gc4ccff1/posix/../sysdeps/unix/syscall-template.S
fn=(52) uname
82 4
+1 1

fl=(20)
fn=(70)
77 2

fn=(66)
52 12
+5 6
-5 6
+5 12
+5 2
-1 1
+1 3
+1 2
+4 6
-10 12
+4 1
-1 1
+1 4

fl=(16)
fn=(50)
67 4
+2 3
+85 5
-45 3
cfi=(17)
cfn=(52)
calls=1 -27 
* 5
* 3
+12 2
+10 12
+4 3
-2 9
+2 10
+3 4
-3 4
+7 3
-1 3
+2 3
+2 14
+5 2

fl=(21)
fn=(146)
354 1
+13 1
-13 2
+2 1
+11 2
cfi=(13)
cfn=(36) __libc_memalign
calls=1 53 
* 50
* 1
+1 1
-1 1
+1 1
+7 1
+4 307
-58 1
+1 1
-1 1
+1 2
cfi=(13)
cfn=(28)
calls=1 111 
* 39
* 1
+1 2
+3 1
+6 2
+64 5

fn=(68)
116 2
+1 3

fn=(144)
138 1
+11 1
-11 3
+45 8
+5 2
+4 2
-4 3
+2 2
+2 3
+12 2
+4 5
+3 2
-1 2
+10 1
-37 2
+37 1
-37 3
+41 1
-1 1
+52 1
-51 1
+52 4
-52 3
+52 1

fn=(174)
402 7
+1 1
-1 1
+1 1
+4 1
+8 5
+5 6
+6 8
+27 3
+8 3
+1 3
+1 6
cfi=(14)
cfn=(58)
calls=1 56 
* 23
* 4
cfi=(28)
cfn=(102)
calls=1 44 
* 27
* 3
-43 3
+6 4
+3 1
+1 2
+7 1
+2 1
-2 2
+2 2
+38 1
+3 9

fn=(130)
57 3
+48 2
+4 1

fn=(172)
843 6
+6 1
+3 2
+5 3
+42 1
-1 3
+1 2
+1 6

fl=(24)
fn=(120)
44 2
+3 1
-3 4
+3 1
-3 1
+3 1
cfi=(25)
cfn=(90)
calls=1 +35 
* 5
+1 1
-1 1
+1 2
+2 4
cfi=(26)
cfn=(96)
calls=1 -13 
* 10
* 2
+2 1
+3 1
-3 1
+3 1
+13 2
cfi=(25)
cfn=(106)
calls=1 +14 
* 5
+3 7
-14 7
cfi=(27)
cfn=(98)
calls=1 +25 
* 6
* 2

fn=(84)
301 745
+1 298
cfi=(15)
cfn=(46)
calls=149 135 
* 1050
* 298
+3 149
+2 298
+4 149
-4 298
+1 474
cfi=(15)
cfn=(46)
calls=158 135 
* 3049
* 316
+6 9
-7 9
+7 167
-7 140
+7 420

fl=(13)
fn=(32)
95 31
+1 62
cfn=(36)
calls=31 -43 
* 831
* 31

fn=(28)
111 12
-3 12
+3 24
-3 12
+3 24
+4 24
cfn=(32)
calls=12 -20 
* 404
* 12

fn=(36)
53 128
+1 127
+11 93
+3 31
-3 31
+3 62
-3 3
+3 1
-3 1
+3 118
+4 12
+1 9
+6 21
cfi=(27)
cfn=(98)
calls=3 +3 
* 18
+2 6
+3 6
+1 6
-1 3
+1 6
+3 3
+1 3
+2 12
-3 29
+1 29
+2 116
-31 2
-1 5

fn=(64)
325 5
+1 10
+4 27
+5 6
-5 270
+5 364
+2 736
+8 92
-15 278
+18 2
+4 4
-13 2
+2 2
+7 1
+4 1

fl=(29)
fn=(112) openaux
62 14
+7 7
-4 77
cfi=(18)
cfn=(82)
calls=7 1984 
* 16481
* 7
+5 14

fn=(110)
149 1
+1 1
-1 2
+1 1
-1 2
+1 1
-1 1
+1 2
-1 4
+1 1
-1 1
+1 2
+16 1
-16 1
+14 1
+1 1
+1 1
+6 3
+10 1
-10 1
+10 1
-36 5
+20 1
-2 1
+19 1
-17 1
+6 1
-6 1
-2 1
+2 1
-2 1
+1 1
+1 1
+6 3
+10 1
-10 1
+10 5
+19 1
-15 1
+18 1
338 3
186 2
338 1
201 2
+2 1
+1 1
338 4
208 1
+5 1
+4 2
-9 5
+5 5
+4 10
+2 2
+3 12
+10 4
-8 4
+7 4
-7 4
+8 4
+3 4
-5 4
+1 4
-7 4
+5 4
+6 28
+50 14
+1 12
-51 388
+1 194
+6 35
cfi=(19)
cfn=(60)
calls=7 26 
* 229
* 21
+5 35
-3 7
+3 7
cfi=(22)
cfn=(74)
calls=7 -87 
* 16999
+2 21
+15 7
+2 14
+5 4
+6 4
+2 4
-8 8
+5 4
-2 4
+1 4
+2 4
+4 24
-59 8
+13 2
466 12
+2 12
+2 12
cfi=(13)
cfn=(32)
calls=4 95 
* 116
* 4
+2 4
-2 4
+2 4
+4 16
-1 4
+2 4
-1 8
cfi=(14)
cfn=(38)
calls=4 56 
* 91
+1 16
cfi=(14)
cfn=(38)
calls=4 56 
* 91
+4 4
-1 4
+5 36
+2 6
+1 42
217 22
+1 5
-1 10
+2 28
488 3
+4 4
+1 2
+3 5
+11 4
cfi=(13)
cfn=(32)
calls=1 95 
* 29
* 1
+2 1
-2 1
+2 1
+5 2
+1 1
-1 1
+1 1
-1 1
+1 1
-1 1
+1 5
+8 5
+4 2
-10 3
+6 25
+4 10
-10 16
+13 2
+53 4
+43 1
-5 1
+6 2
-1 6
+1 3
cfi=(28)
cfn=(102)
calls=1 44 
* 19
* 1
+25 2
-25 1
+25 1
-25 1
+25 1
-21 2
+7 1
-6 2
+6 1
-7 8
+7 4
-6 8
+6 12
+2 16
+1 8
-1 24
+1 16
+3 39
-1 57
+23 10
-28 20
+31 19
+3 32
cfi=(28)
cfn=(102)
calls=4 44 
* 70
* 8
-45 8
+45 1
+7 2
+2 1
+1 1
-1 1
+9 2
+3 2
+3 8
288 360
619 8
cfi=(14)
cfn=(38)
calls=1 56 
* 47
+2 3

fl=(1) ???
fn=(0) 0x00000035fe000b00
0 2
cfi=(2)
cfn=(2)
calls=1 365 
0 330773
0 14
cfi=(42) /usr/src/debug/glibc-2.12-2-gc4ccff1/elf/dl-init.c
cfn=(184) _dl_init
calls=1 93 
0 2433
0 3
cob=(7)
cfi=(54)
cfn=(274)
calls=1 0 
0 41009700328

fl=(22)
fn=(74)
160 56
+9 8
+2 8
cfi=(2)
cfn=(76)
calls=8 796 
* 16
* 8
+1 8
+2 16
-2 8
+2 8
cfi=(23)
cfn=(78)
calls=8 26 
* 152
+1 8
-1 8
+1 8
+2 16
+1 8
-1 8
+1 8
cfi=(29)
cfn=(112)
calls=7 62 
* 16600
cfi=(2)
cfn=(80)
calls=1 628 
* 2187
+1 24
+1 8
+1 8
-1 8
+2 8
-1 8
+1 8
+10 32

fn=(132)
198 10
+1 1
cfi=(2)
cfn=(76)
calls=1 796 
* 2
+5 1
-1 1
-4 1
+9 1
+2 1
-3 1
+3 1
cfi=(2)
cfn=(134)
calls=1 660 
* 6216
+2 1
+1 1
+1 8

fl=(27)
fn=(100)
82 28
+1 7

fn=(98)
82 65
+1 13

fn=(180)
82 4
+1 1

fl=(55)
fn=(282)
30 13
+2 13
+1 13
+1 13
+1 13
+1 13
+1 13
+1 13
+1 13
+1 13
+1 13
cfi=(56)
cfn=(284)
calls=13 +32 
* 18922
+1 13
+1 13
+1 13
+1 13
+1 13
+1 13
+1 13
+1 13
+1 13
+2 13

fl=(8)
fn=(14)
29 23
+1 23
+1 23
+1 23
+2 9
+1 9
+2 9
+1 9
-1 29
+1 29
+1 37
+1 37
+1 37
+2 44
+5 22
+1 22
+1 22
+1 22
+3 22
-6 6
+1 6
+1 6
+1 6
+3 6
+1 24
+1 24
+1 24
+2 24
+3 22
+1 22
+1 22
+1 22
+3 22
+1 21
+1 21
+1 21
+2 21
+3 16
+1 16
+1 16
+1 16
+3 16
+1 12
+1 12
+1 12
+2 12
+3 9
+1 9
+1 9
+1 9
+3 9
+1 7
+1 7
+1 7
+2 8
+3 1
+2 1
+1 1
-3 21
+2 21
+1 21
+1 13
+2 13
+1 13
+1 11
+2 11
+1 11
+1 6
+2 6
+1 6
+1 3
+2 3
+2 3
+1 3
+1 2
+2 2
+1 2
+1 1
+2 1
+1 1
+3 23
+1 23

fl=(42)
fn=(184)
93 11
+5 1
-4 1
+1 1
+3 2
+7 2
+27 2
+1 14
+1 6
-1 6
+1 12
-97 18
+9 5
-3 10
+3 15
+5 12
+5 6
+8 6
+6 18
cob=(2)
cfi=(12)
cfn=(252) 0x00000035ffc0a670
calls=1 -70 
* 29
cob=(2)
cfi=(12)
cfn=(232) 0x00000035fe803d90
calls=1 -70 
* 29
cob=(3)
cfi=(44)
cfn=(210)
calls=1 -18 
* 2135
+4 3
+1 6
+65 8
-89 2
-5 4
-9 3
+9 1
-3 2
+3 3
+5 3
+5 2
+8 2
+6 7
cob=(2)
cfi=(12)
cfn=(186) 0x00000000048014d0
calls=1 -70 
* 40
* 1
+4 1
+1 2
+26 2

fl=(96)
fn=(608) _dl_sort_fini
34 9
+2 1
-2 3
+2 1
+5 1
+1 1
-1 2
+1 1
+1 1
-1 5
+1 3
cfi=(28)
cfn=(102)
calls=1 +1 
* 19
+15 4
+24 4
+38 4
+3 32
cfi=(28)
cfn=(102)
calls=4 -79 
* 70
* 8
-80 4
+4 4
+1 4
-1 4
+1 4
+4 12
-5 1
+1 1
-1 1
+1 1
+4 13
+6 5
+1 14
+2 16
+1 8
-1 24
+1 16
+3 39
-1 57
+31 30
+21 10
-57 20
+61 16
+3 1
+4 8

fn=(606)
133 11
+22 9
+3 2
cfi=(2)
cfn=(42)
calls=1 836 
* 2
+3 1
+3 2
+2 5
-2 2
+13 5
+16 4
+2 12
+4 12
+1 6
+5 6
-4 6
-2 6
-6 19
+19 4
cfn=(608)
calls=1 34 
* 482
+9 2
cfi=(2)
cfn=(44)
calls=1 842 
* 2
+4 6
+2 2
+2 3
-2 10
+2 15
+3 12
+3 18
+4 2
+7 10
+4 4
+2 3
+1 4
+1 4
cob=(3)
cfi=(49)
cfn=(696)
calls=1 19 
* 6
-1 4
+5 15
+1 12
cob=(2)
cfi=(12)
cfn=(676) 0x00000035fe843fb8
calls=1 0 
* 1696
cob=(2)
cfi=(12)
cfn=(656) 0x00000035ffc21c28
calls=1 0 
* 1696
cob=(2)
cfi=(12)
cfn=(626) 0x00000000048017d8
calls=1 0 
* 1360
cob=(2)
cfi=(12)
cfn=(610) 0x0000000000403128
calls=1 0 
* 31
+5 30
-39 6
+55 6
-55 18
-70 2
+70 1
-70 1
285 6
+6 2
+7 8
-63 10
+4 8
-60 2
+3 8

ob=(4) /usr/sup/valgrind-3.9.0/lib/valgrind/vgpreload_core-amd64-linux.so
fl=(43) ???
fn=(188) 0x0000000000000520
0 6

fn=(204) 0x00000000000007a0
0 12

fn=(628) 0x00000000000005b0
0 10
cob=(3)
cfi=(97)
cfn=(640)
calls=1 31 
0 62
cob=(1)
cfi=(55)
cfn=(282)
calls=1 30 
0 1256
0 5
0 9
cfn=(648) 0x0000000000000540
calls=1 0 
0 9
0 5

fn=(648)
0 9

fn=(194) 0x0000000000000630
0 16

ob=(2)
fl=(12)
fn=(676)
0 2
cob=(5) /lib64/libm-2.12.so
cfi=(52) ???
cfn=(678) 0x00000035fe803e90
calls=1 0 
0 1692
0 2

fn=(296)
0 2
cob=(7)
cfi=(54)
cfn=(298)
calls=1 0 
0 6
0 1
cob=(7)
cfi=(54)
cfn=(304)
calls=1 0 
0 15
0 1
cob=(7)
cfi=(54)
cfn=(314)
calls=1 0 
0 12
0 2

fn=(626)
0 2
cob=(4)
cfi=(43)
cfn=(628)
calls=1 0 
0 1356
0 2

fn=(610)
0 2
cob=(7)
cfi=(54)
cfn=(612)
calls=1 0 
0 27
0 2

fn=(186)
0 2
cob=(4)
cfi=(43)
cfn=(188)
calls=1 0 
0 6
0 1
cob=(4)
cfi=(43)
cfn=(194)
calls=1 0 
0 16
0 1
cob=(4)
cfi=(43)
cfn=(204)
calls=1 0 
0 12
0 2

fn=(232)
0 2
cob=(5)
cfi=(52)
cfn=(234) 0x00000035fe803e70
calls=1 0 
0 6
0 1
cob=(5)
cfi=(52)
cfn=(240) 0x00000035fe803f10
calls=1 0 
0 6
0 1
cob=(5)
cfi=(52)
cfn=(246) 0x00000035fe843f80
calls=1 0 
0 11
0 2

fn=(656)
0 2
cob=(6)
cfi=(53)
cfn=(658)
calls=1 0 
0 1692
0 2

fn=(252)
0 2
cob=(6)
cfi=(53)
cfn=(254)
calls=1 0 
0 6
0 1
cob=(6)
cfi=(53)
cfn=(260)
calls=1 0 
0 6
0 1
cob=(6)
cfi=(53)
cfn=(266)
calls=1 0 
0 11
0 2

ob=(5)
fl=(52)
fn=(240)
0 6

fn=(234)
0 6

fn=(246)
0 11

fn=(678)
0 10
cob=(3)
cfi=(97)
cfn=(640)
calls=1 31 
0 62
cob=(1)
cfi=(55)
cfn=(282)
calls=1 30 
0 1602
0 5
0 13

totals: 41010033553
